eBA Model
Parameters:
- m0:20.0
- m:2.0
- p (add):0.6
- q (rewire):0.2

 Size : 100
 Size of core : 12
 % of P2P links : 0,32
 % of nodes in level 1 : 8
 % of nodes in level 2 : 19
 % of nodes in level 3 : 61
 % of nodes in level 4 : 12
 % of nodes in level 5 : 0
 Degree of level 1 : 27,88
 Degree of level 2 : 17,95
 Degree of level 3 : 9,72
 Degree of level 4 : 3,08
 Degree of level 5 : 0

1 (1)  [2, 3, 5, 6, 8, 11, 25, 33, 38, 40, 45, 50, 55, 56, 67, 73, 74, 75, 82, 83, 85]
2 (2)  [1, 3, 5, 7, 10, 11, 14, 30, 32, 33, 38, 54, 62, 63, 65, 68, 72, 73, 77, 78, 84]
3 (2)  [1, 2, 4, 6, 8, 11, 33, 38, 46, 53, 54, 59, 61, 65, 67, 69, 71, 72, 74, 76, 78, 81, 82, 84]
4 (1)  [3, 5, 6, 7, 8, 10, 11, 13, 17, 26, 36, 41, 42, 44, 48, 53, 56, 61, 66, 69, 70, 77, 80, 82, 83]
5 (1)  [1, 2, 4, 6, 7, 9, 11, 22, 28, 29, 33, 41, 56, 59, 60, 63, 64, 66, 68, 69, 73, 76, 77, 78, 81]
6 (2)  [1, 3, 4, 5, 9, 10, 11, 16, 19, 33, 38, 44, 46, 47, 51, 52, 53, 56, 58, 60, 61, 69, 74, 79, 82, 85, 86]
7 (1)  [2, 4, 5, 8, 10, 11, 16, 20, 29, 33, 35, 36, 39, 40, 44, 50, 57, 61, 65, 68, 69, 70, 74, 75, 76, 80, 83]
8 (1)  [1, 3, 4, 7, 9, 11, 12, 18, 19, 21, 24, 30, 33, 49, 51, 53, 57, 58, 61, 70, 72, 73, 76, 77, 78, 80, 81, 84, 86]
9 (1)  [5, 6, 8, 10, 12, 13, 14, 27, 31, 33, 34, 36, 41, 45, 46, 52, 56, 57, 60, 63, 68, 69, 73, 74, 77, 79, 80, 84, 85, 86]
10 (1)  [2, 4, 6, 7, 9, 29, 33, 36, 37, 38, 40, 43, 46, 53, 58, 62, 63, 65, 66, 69, 70, 71, 74, 75, 78, 79, 80, 81, 82, 83, 84, 85, 86]
11 (1)  [1, 2, 3, 4, 5, 6, 7, 8, 20, 22, 32, 33, 34, 44, 45, 53, 54, 56, 60, 61, 63, 64, 65, 67, 68, 69, 70, 71, 74, 76, 81, 82, 84]
12 (2)  [8, 9]
13 (2)  [4, 9]
14 (3)  [2, 9]
15 (3)  [33, 77]
16 (3)  [6, 7]
17 (3)  [4, 50, 61]
18 (3)  [8, 37, 59]
19 (3)  [6, 8, 33]
20 (3)  [7, 11, 85]
21 (3)  [8, 79, 86]
22 (3)  [5, 11, 29]
23 (3)  [33, 67, 81]
24 (3)  [8, 66, 69, 89]
25 (3)  [1, 49, 74, 79]
26 (3)  [4, 37, 51, 75]
27 (3)  [9, 28, 70, 73]
28 (3)  [5, 27, 49, 56]
29 (2)  [5, 7, 10, 22, 82]
30 (3)  [2, 8, 33, 62, 73]
31 (3)  [9, 33, 42, 66, 82, 85]
32 (3)  [2, 11, 42, 58, 85, 93]
33 (3)  [19, 33, 58, 71, 84, 86]
34 (3)  [9, 11, 51, 57, 62, 76]
35 (3)  [7, 43, 72, 78, 86, 91]
36 (3)  [4, 7, 9, 10, 33, 55, 85]
37 (3)  [10, 18, 26, 77, 78, 79, 81, 86]
38 (3)  [1, 2, 3, 6, 10, 45, 76, 81]
39 (3)  [7, 33, 43, 62, 64, 69, 80, 85]
40 (3)  [1, 7, 10, 70, 71, 72, 73, 100]
41 (3)  [4, 5, 9, 54, 60, 61, 67, 74]
42 (3)  [4, 31, 32, 33, 52, 64, 67, 83]
43 (3)  [10, 35, 39, 52, 69, 76, 77, 80]
44 (3)  [4, 6, 7, 11, 56, 59, 63, 67, 68]
45 (3)  [1, 9, 11, 38, 49, 58, 79, 81, 83]
46 (3)  [3, 6, 9, 10, 64, 67, 79, 80, 83, 96]
47 (3)  [6, 33, 55, 60, 74, 75, 82, 83, 84, 85]
48 (3)  [4, 33, 55, 67, 68, 75, 78, 80, 82, 84]
49 (3)  [8, 25, 28, 45, 59, 64, 67, 75, 76, 82]
50 (3)  [1, 7, 17, 64, 71, 77, 80, 81, 86, 99]
51 (3)  [6, 8, 26, 34, 53, 60, 65, 70, 84, 99]
52 (3)  [6, 9, 33, 42, 43, 67, 77, 83, 84, 88, 97]
53 (3)  [3, 4, 6, 8, 10, 11, 33, 51, 57, 71, 82]
54 (3)  [2, 3, 11, 41, 59, 66, 68, 79, 80, 86, 95]
55 (3)  [1, 36, 47, 48, 59, 62, 69, 70, 74, 77, 100]
56 (2)  [1, 4, 5, 6, 9, 11, 28, 33, 44, 60, 64, 65]
57 (3)  [7, 8, 9, 34, 53, 65, 66, 68, 69, 70, 75, 84, 85]
58 (3)  [6, 8, 10, 32, 33, 45, 62, 73, 76, 78, 85, 86, 98]
59 (2)  [3, 5, 18, 33, 44, 49, 54, 55, 60, 72, 73, 79, 81, 98]
60 (3)  [5, 6, 9, 11, 33, 41, 47, 51, 56, 59, 78, 79, 84, 86]
61 (2)  [3, 4, 6, 7, 8, 11, 17, 33, 41, 63, 65, 75, 78, 91]
62 (3)  [2, 10, 30, 33, 34, 39, 55, 58, 66, 76, 78, 79, 80, 83, 84]
63 (3)  [2, 5, 9, 10, 11, 44, 61, 66, 68, 71, 72, 78, 81, 82, 94]
64 (3)  [5, 11, 39, 42, 46, 49, 50, 56, 66, 67, 76, 79, 81, 82, 84]
65 (3)  [2, 3, 7, 10, 11, 51, 56, 57, 61, 67, 69, 71, 75, 80, 83, 85]
66 (3)  [4, 5, 10, 24, 31, 54, 57, 62, 63, 64, 71, 77, 80, 82, 86, 96, 98]
67 (3)  [1, 3, 11, 23, 41, 42, 44, 46, 48, 49, 52, 64, 65, 70, 75, 83, 84, 86]
68 (3)  [2, 5, 7, 9, 11, 44, 48, 54, 57, 63, 70, 73, 77, 78, 81, 85, 86, 97]
69 (2)  [3, 4, 5, 6, 7, 9, 10, 11, 24, 39, 43, 55, 57, 65, 83, 84, 85, 96]
70 (3)  [4, 7, 8, 10, 11, 27, 40, 51, 55, 57, 67, 68, 74, 78, 79, 80, 85, 95]
71 (3)  [3, 10, 11, 33, 40, 50, 53, 63, 65, 66, 73, 75, 78, 81, 82, 84, 85, 86, 100]
72 (3)  [2, 3, 8, 33, 35, 40, 59, 63, 73, 75, 76, 77, 78, 80, 81, 82, 83, 85, 86]
73 (2)  [1, 2, 5, 8, 9, 27, 30, 40, 58, 59, 68, 71, 72, 76, 83, 85, 86, 92, 99]
74 (3)  [1, 3, 6, 7, 9, 10, 11, 25, 33, 41, 47, 55, 70, 75, 79, 81, 82, 83, 84, 86]
75 (2)  [1, 7, 10, 26, 47, 48, 49, 57, 61, 65, 67, 71, 72, 74, 77, 79, 85, 86, 87, 93]
76 (2)  [3, 5, 7, 8, 11, 33, 34, 38, 43, 49, 58, 62, 64, 72, 73, 77, 81, 84, 89, 95]
77 (2)  [2, 4, 5, 8, 9, 15, 37, 43, 50, 52, 55, 66, 68, 72, 75, 76, 79, 86, 92, 97, 100]
78 (3)  [2, 3, 5, 8, 10, 33, 35, 37, 48, 58, 60, 61, 62, 63, 68, 70, 71, 72, 79, 84, 100]
79 (2)  [6, 9, 10, 21, 25, 33, 37, 45, 46, 54, 59, 60, 62, 64, 70, 74, 75, 77, 78, 80, 81, 84]
80 (3)  [4, 7, 8, 9, 10, 39, 43, 46, 48, 50, 54, 62, 65, 66, 70, 72, 79, 83, 84, 85, 86, 94]
81 (2)  [3, 5, 8, 10, 11, 23, 33, 37, 38, 45, 50, 59, 63, 64, 68, 71, 72, 74, 76, 79, 82, 85, 86]
82 (3)  [1, 3, 4, 6, 10, 11, 29, 31, 47, 48, 49, 53, 63, 64, 66, 71, 72, 74, 81, 83, 84, 90, 99]
83 (2)  [1, 4, 7, 10, 33, 42, 45, 46, 47, 52, 62, 65, 67, 69, 72, 73, 74, 80, 82, 84, 85, 86, 98]
84 (3)  [2, 3, 8, 9, 10, 11, 33, 47, 48, 51, 52, 57, 60, 62, 64, 67, 69, 71, 74, 76, 78, 79, 80, 82, 83, 85, 86]
85 (2)  [1, 6, 9, 10, 20, 31, 32, 36, 39, 47, 57, 58, 65, 68, 69, 70, 71, 72, 73, 75, 80, 81, 83, 84, 88, 90, 94]
86 (2)  [6, 8, 9, 10, 21, 33, 35, 37, 50, 54, 58, 60, 66, 67, 68, 71, 72, 73, 74, 75, 77, 80, 81, 83, 84, 93, 100]
87 (3)  [75]
88 (4)  [52, 85]
89 (4)  [24, 76]
90 (4)  [82, 85]
91 (4)  [35, 61]
92 (3)  [73, 77]
93 (4)  [32, 75, 86]
94 (4)  [63, 80, 85]
95 (4)  [54, 70, 76]
96 (4)  [46, 66, 69]
97 (4)  [52, 68, 77]
98 (4)  [58, 59, 66, 83]
99 (4)  [50, 51, 73, 82]
100 (4)  [40, 55, 71, 77, 78, 86]
