BA Model
Parameters:
- m0:20.0
- m:2.0

 Size : 1000
 Size of core : 6
 % of P2P links : 0,09
 % of nodes in level 1 : 0,5
 % of nodes in level 2 : 12
 % of nodes in level 3 : 29,2
 % of nodes in level 4 : 33,9
 % of nodes in level 5 : 22,3
 % of nodes in level 6 : 2,1
 Degree of level 1 : 23,2
 Degree of level 2 : 5,95
 Degree of level 3 : 4,77
 Degree of level 4 : 3,19
 Degree of level 5 : 2,43
 Degree of level 6 : 2,14

1 (1)  [20, 25, 26, 33, 48, 51, 53, 65, 68, 70, 82, 90, 97, 101, 116, 130, 138]
2 (1)  [3, 5, 14, 15, 16, 49, 60, 67, 85, 96, 104, 107, 114, 120, 124, 131, 142]
3 (1)  [2, 5, 7, 10, 21, 26, 35, 36, 41, 44, 50, 52, 55, 57, 63, 72, 77, 78]
4 (1)  [5, 6, 9, 13, 30, 38, 39, 46, 47, 59, 61, 68, 76, 81, 86, 87, 88, 95, 99, 106, 121, 123, 126, 127, 132, 134, 137, 139]
5 (1)  [2, 3, 4, 12, 19, 22, 23, 27, 28, 32, 40, 43, 53, 54, 66, 69, 75, 79, 80, 83, 84, 91, 93, 98, 102, 105, 110, 111, 113, 115, 119, 122, 128, 130, 131, 136]
6 (2)  [4, 557]
7 (3)  [3, 137]
8 (2)  [26, 552]
9 (2)  [4, 546]
10 (3)  [3, 122]
11 (3)  [26, 128]
12 (2)  [5, 453]
13 (2)  [4, 457]
14 (3)  [2, 112]
15 (2)  [2, 459]
16 (2)  [2, 26]
17 (2)  [26, 419]
18 (2)  [26, 482]
19 (2)  [5, 310]
20 (2)  [1, 413]
21 (2)  [3, 421]
22 (2)  [5, 496]
23 (3)  [5, 97]
24 (3)  [26, 116]
25 (2)  [1, 427]
26 (2)  [3, 416]
27 (2)  [5, 425]
28 (2)  [5, 531]
29 (3)  [26, 137]
30 (2)  [4, 468]
31 (3)  [26, 75]
32 (3)  [5, 54]
33 (3)  [1, 120]
34 (2)  [26, 353]
35 (2)  [3, 513]
36 (2)  [3, 365]
37 (3)  [26, 62]
38 (2)  [4, 409]
39 (2)  [4, 446]
40 (3)  [5, 136]
41 (2)  [3, 475]
42 (2)  [26, 450]
43 (2)  [5, 380]
44 (2)  [3, 385]
45 (3)  [26, 61]
46 (3)  [4, 128]
47 (2)  [4, 447, 511]
48 (2)  [1, 26, 371]
49 (2)  [2, 436, 527]
50 (2)  [3, 298, 551]
51 (2)  [1, 178, 522]
52 (2)  [3, 129, 269]
53 (2)  [1, 5, 423]
54 (2)  [5, 32, 521]
55 (3)  [3, 98, 426]
56 (2)  [26, 172, 518]
57 (2)  [3, 139, 276]
58 (2)  [26, 200, 315]
59 (2)  [4, 387, 490]
60 (2)  [2, 292, 459]
61 (2)  [4, 45, 500]
62 (2)  [26, 37, 412]
63 (2)  [3, 261, 374]
64 (2)  [26, 270, 537]
65 (2)  [1, 278, 527]
66 (2)  [5, 300, 538]
67 (3)  [2, 133, 173, 285]
68 (2)  [1, 4, 143, 238]
69 (2)  [5, 142, 203, 246]
70 (2)  [1, 449, 460, 505]
71 (3)  [26, 90, 135, 422]
72 (2)  [3, 469, 502, 533]
73 (2)  [26, 231, 241, 534]
74 (2)  [26, 244, 279, 398]
75 (2)  [5, 31, 224, 524]
76 (2)  [4, 176, 296, 549]
77 (2)  [3, 171, 335, 480]
78 (2)  [3, 295, 342, 463]
79 (2)  [5, 160, 254, 498]
80 (2)  [5, 225, 283, 410]
81 (2)  [4, 329, 351, 361]
82 (2)  [1, 192, 214, 444]
83 (2)  [5, 209, 273, 356]
84 (2)  [5, 378, 391, 556]
85 (2)  [2, 242, 290, 349]
86 (2)  [4, 132, 286, 377]
87 (2)  [4, 239, 396, 507, 534]
88 (2)  [4, 181, 425, 470, 535]
89 (2)  [26, 159, 218, 456, 510]
90 (2)  [1, 71, 213, 325, 366]
91 (2)  [5, 198, 288, 370, 529]
92 (2)  [26, 157, 182, 215, 447]
93 (2)  [5, 134, 187, 204, 471]
94 (2)  [26, 257, 291, 302, 386]
95 (2)  [4, 26, 208, 444, 485, 515]
96 (2)  [2, 125, 252, 320, 478, 517]
97 (2)  [1, 23, 346, 349, 426, 532]
98 (2)  [5, 55, 158, 435, 494, 495]
99 (2)  [4, 142, 262, 345, 489, 491]
100 (2)  [26, 154, 353, 422, 434, 544]
101 (2)  [1, 135, 165, 222, 336, 359]
102 (2)  [5, 141, 197, 227, 433, 437]
103 (2)  [26, 216, 247, 250, 452, 467]
104 (2)  [2, 174, 185, 189, 372, 538]
105 (2)  [5, 219, 251, 268, 291, 493, 543]
106 (2)  [4, 120, 186, 295, 393, 492, 542]
107 (2)  [2, 141, 274, 305, 330, 513, 542]
108 (2)  [26, 111, 229, 244, 272, 341, 471]
109 (2)  [26, 259, 266, 316, 348, 497, 528]
110 (2)  [5, 167, 220, 236, 347, 363, 413, 474]
111 (2)  [5, 108, 132, 180, 206, 237, 512, 535]
112 (2)  [14, 26, 307, 420, 430, 473, 501, 555]
113 (2)  [5, 189, 275, 323, 326, 378, 382, 550]
114 (2)  [2, 183, 184, 297, 419, 500, 520, 537]
115 (2)  [5, 116, 188, 296, 314, 439, 461, 556]
116 (2)  [1, 24, 115, 241, 324, 339, 374, 406]
117 (2)  [26, 132, 187, 205, 318, 384, 417, 432]
118 (2)  [26, 175, 196, 327, 389, 390, 411, 452]
119 (2)  [5, 202, 212, 355, 427, 440, 443, 449, 558]
120 (2)  [2, 33, 106, 151, 338, 407, 420, 441, 514]
121 (2)  [4, 224, 226, 255, 265, 315, 333, 466, 554]
122 (2)  [5, 10, 221, 229, 285, 311, 373, 405, 488, 547]
123 (2)  [4, 183, 191, 199, 240, 280, 319, 350, 403, 424, 524]
124 (2)  [2, 126, 168, 193, 201, 281, 313, 352, 464, 498, 516]
125 (2)  [26, 96, 147, 182, 235, 294, 310, 392, 465, 521, 526, 548]
126 (2)  [4, 124, 194, 207, 282, 331, 334, 360, 395, 533, 549, 558]
127 (2)  [4, 130, 147, 234, 343, 397, 406, 411, 447, 475, 484, 539]
128 (2)  [5, 11, 26, 46, 196, 253, 324, 344, 357, 408, 435, 446]
129 (2)  [26, 52, 249, 297, 354, 364, 375, 412, 415, 429, 503, 550]
130 (2)  [1, 5, 127, 142, 177, 287, 376, 381, 394, 399, 504, 525, 533]
131 (2)  [2, 5, 153, 206, 210, 235, 242, 358, 379, 401, 438, 486, 530]
132 (2)  [4, 86, 111, 117, 150, 232, 293, 441, 445, 460, 484, 519, 553, 557]
133 (2)  [26, 67, 211, 260, 310, 367, 383, 400, 428, 451, 481, 496, 523, 545]
134 (2)  [4, 93, 136, 155, 216, 217, 233, 254, 273, 303, 321, 362, 388, 414]
135 (2)  [26, 71, 101, 228, 248, 267, 289, 304, 369, 372, 403, 448, 508, 554]
136 (2)  [5, 26, 40, 134, 191, 195, 253, 268, 277, 332, 396, 442, 480, 534, 554]
137 (2)  [4, 7, 29, 146, 164, 230, 299, 309, 335, 340, 458, 479, 509, 532, 536, 541]
138 (2)  [1, 157, 170, 173, 180, 251, 258, 301, 312, 328, 337, 398, 429, 476, 493, 500, 548]
139 (2)  [4, 57, 223, 243, 264, 317, 320, 358, 368, 401, 402, 441, 454, 512, 539, 551, 556]
140 (2)  [26, 145, 161, 163, 256, 322, 431, 461, 462, 472, 474, 483, 499, 506, 520, 522, 543, 548]
141 (2)  [26, 102, 107, 148, 149, 156, 174, 190, 245, 263, 400, 404, 455, 477, 494, 528, 532, 553]
142 (2)  [2, 69, 99, 130, 144, 152, 162, 166, 169, 179, 271, 284, 306, 308, 311, 397, 418, 451, 487, 489, 508, 540]
143 (4)  [68, 557]
144 (4)  [142, 493]
145 (3)  [140, 941]
146 (4)  [137, 549]
147 (3)  [125, 127]
148 (4)  [141, 537]
149 (4)  [141, 455]
150 (4)  [132, 532]
151 (4)  [120, 505]
152 (3)  [142, 951]
153 (4)  [131, 547]
154 (3)  [100, 907]
155 (3)  [134, 947]
156 (4)  [141, 550]
157 (3)  [92, 138]
158 (4)  [98, 476]
159 (3)  [89, 941]
160 (3)  [79, 932]
161 (3)  [140, 932]
162 (3)  [142, 874]
163 (4)  [140, 325]
164 (4)  [137, 417]
165 (3)  [101, 802]
166 (4)  [142, 454]
167 (4)  [110, 501]
168 (3)  [124, 949]
169 (3)  [142, 931]
170 (4)  [138, 414]
171 (4)  [77, 485]
172 (4)  [56, 523]
173 (4)  [67, 138]
174 (3)  [104, 141]
175 (4)  [118, 466]
176 (4)  [76, 530]
177 (4)  [130, 523]
178 (4)  [51, 539]
179 (4)  [142, 516]
180 (3)  [111, 138]
181 (4)  [88, 467]
182 (3)  [92, 125]
183 (3)  [114, 123]
184 (4)  [114, 547]
185 (4)  [104, 522]
186 (3)  [106, 785]
187 (3)  [93, 117]
188 (4)  [115, 531]
189 (3)  [104, 113]
190 (4)  [141, 520]
191 (3)  [123, 136]
192 (4)  [82, 494]
193 (3)  [124, 942]
194 (3)  [126, 922]
195 (4)  [136, 340]
196 (3)  [118, 128]
197 (4)  [102, 434]
198 (4)  [91, 452]
199 (3)  [123, 818]
200 (4)  [58, 352]
201 (4)  [124, 477]
202 (4)  [119, 533]
203 (3)  [69, 887]
204 (3)  [93, 937]
205 (4)  [117, 543]
206 (3)  [111, 131]
207 (4)  [126, 557]
208 (3)  [95, 914]
209 (3)  [83, 905]
210 (3)  [131, 917]
211 (4)  [133, 528]
212 (4)  [119, 518]
213 (3)  [90, 923]
214 (4)  [82, 542]
215 (4)  [92, 482]
216 (3)  [103, 134]
217 (4)  [134, 518]
218 (4)  [89, 514]
219 (4)  [105, 520]
220 (3)  [110, 873]
221 (3)  [122, 921]
222 (3)  [101, 833]
223 (4)  [139, 549]
224 (3)  [75, 121]
225 (4)  [80, 479]
226 (4)  [121, 490]
227 (4)  [102, 519]
228 (4)  [135, 472]
229 (3)  [108, 122]
230 (4)  [137, 553]
231 (3)  [73, 806]
232 (3)  [132, 924]
233 (4)  [134, 520]
234 (3)  [127, 953]
235 (3)  [125, 131]
236 (3)  [110, 853]
237 (3)  [111, 778]
238 (4)  [68, 363]
239 (3)  [87, 821]
240 (3)  [123, 838]
241 (3)  [73, 116]
242 (3)  [85, 131]
243 (4)  [139, 542]
244 (3)  [74, 108]
245 (4)  [141, 557]
246 (3)  [69, 900]
247 (3)  [103, 824]
248 (4)  [135, 400]
249 (4)  [129, 438]
250 (3)  [103, 929]
251 (3)  [105, 138]
252 (3)  [96, 939]
253 (3)  [128, 136]
254 (3)  [79, 134]
255 (4)  [121, 476]
256 (3)  [140, 884]
257 (3)  [94, 920]
258 (3)  [138, 913]
259 (3)  [109, 805]
260 (4)  [133, 428]
261 (3)  [63, 930]
262 (4)  [99, 387]
263 (3)  [141, 895]
264 (4)  [139, 301]
265 (4)  [121, 529]
266 (4)  [109, 451]
267 (4)  [135, 557]
268 (3)  [105, 136]
269 (3)  [52, 903]
270 (3)  [64, 949]
271 (4)  [142, 515]
272 (4)  [108, 465]
273 (3)  [83, 134]
274 (3)  [107, 896]
275 (3)  [113, 935]
276 (3)  [57, 901]
277 (3)  [136, 942]
278 (4)  [65, 343]
279 (4)  [74, 539]
280 (4)  [123, 386]
281 (4)  [124, 499]
282 (4)  [126, 543]
283 (3)  [80, 793]
284 (3)  [142, 864]
285 (4)  [67, 122]
286 (4)  [86, 391]
287 (4)  [130, 500]
288 (3)  [91, 939]
289 (3)  [135, 814]
290 (4)  [85, 507]
291 (3)  [94, 105]
292 (4)  [60, 341]
293 (4)  [132, 487]
294 (3)  [125, 904]
295 (3)  [78, 106]
296 (3)  [76, 115]
297 (3)  [114, 129]
298 (3)  [50, 921]
299 (4)  [137, 439]
300 (3)  [66, 832]
301 (3)  [138, 264, 507]
302 (4)  [94, 443, 778]
303 (3)  [134, 441, 701]
304 (3)  [135, 477, 675]
305 (4)  [107, 553, 620]
306 (4)  [142, 510, 582]
307 (3)  [112, 779, 944]
308 (4)  [142, 402, 538]
309 (4)  [137, 537, 714]
310 (3)  [19, 125, 133]
311 (3)  [122, 142, 662]
312 (4)  [138, 541, 726]
313 (3)  [124, 647, 927]
314 (3)  [115, 834, 953]
315 (4)  [58, 121, 538]
316 (3)  [109, 541, 597]
317 (4)  [139, 415, 870]
318 (4)  [117, 365, 552]
319 (4)  [123, 553, 830]
320 (4)  [96, 139, 423]
321 (3)  [134, 716, 911]
322 (3)  [140, 498, 664]
323 (3)  [113, 628, 906]
324 (3)  [116, 128, 654]
325 (3)  [90, 163, 517]
326 (3)  [113, 511, 651]
327 (4)  [118, 397, 856]
328 (4)  [138, 497, 592]
329 (4)  [81, 413, 539]
330 (4)  [107, 557, 676]
331 (4)  [126, 512, 854]
332 (3)  [136, 478, 737]
333 (3)  [121, 506, 636]
334 (3)  [126, 500, 816]
335 (3)  [77, 137, 583]
336 (3)  [101, 527, 631]
337 (4)  [138, 477, 803]
338 (4)  [120, 445, 837]
339 (3)  [116, 923, 940]
340 (3)  [137, 195, 950]
341 (3)  [108, 292, 463]
342 (4)  [78, 530, 849]
343 (3)  [127, 278, 457]
344 (4)  [128, 411, 891]
345 (4)  [99, 505, 681]
346 (4)  [97, 464, 815]
347 (4)  [110, 546, 896]
348 (4)  [109, 558, 711]
349 (3)  [85, 97, 780]
350 (3)  [123, 772, 781]
351 (3)  [81, 615, 934]
352 (3)  [124, 200, 872]
353 (4)  [34, 100, 536]
354 (3)  [129, 712, 929]
355 (4)  [119, 498, 903]
356 (4)  [83, 552, 953]
357 (4)  [128, 558, 609]
358 (3)  [131, 139, 626]
359 (4)  [101, 370, 507]
360 (3)  [126, 830, 950]
361 (4)  [81, 555, 732]
362 (4)  [134, 491, 848]
363 (3)  [110, 238, 524]
364 (3)  [129, 742, 942]
365 (4)  [36, 318, 541]
366 (4)  [90, 548, 723]
367 (3)  [133, 861, 933]
368 (3)  [139, 526, 698]
369 (3)  [135, 552, 648]
370 (3)  [91, 359, 771]
371 (3)  [48, 552, 713]
372 (3)  [104, 135, 630]
373 (4)  [122, 415, 640]
374 (3)  [63, 116, 895]
375 (3)  [129, 481, 731]
376 (4)  [130, 518, 627]
377 (4)  [86, 547, 718]
378 (3)  [84, 113, 691]
379 (3)  [131, 657, 879]
380 (4)  [43, 469, 948]
381 (3)  [130, 695, 886]
382 (3)  [113, 553, 702]
383 (3)  [133, 686, 934]
384 (3)  [117, 417, 678]
385 (4)  [44, 402, 912]
386 (3)  [94, 280, 493]
387 (3)  [59, 262, 509]
388 (3)  [134, 506, 758]
389 (3)  [118, 522, 863]
390 (3)  [118, 686, 896]
391 (3)  [84, 286, 548]
392 (3)  [125, 746, 940]
393 (4)  [106, 553, 745]
394 (4)  [130, 499, 774]
395 (4)  [126, 549, 802, 945]
396 (4)  [87, 136, 540, 868]
397 (3)  [127, 142, 327, 623]
398 (3)  [74, 138, 538, 656]
399 (4)  [130, 536, 568, 916]
400 (3)  [133, 141, 248, 879]
401 (3)  [131, 139, 759, 841]
402 (3)  [139, 308, 385, 857]
403 (4)  [123, 135, 488, 881]
404 (3)  [141, 706, 920, 951]
405 (3)  [122, 463, 505, 700]
406 (4)  [116, 127, 490, 709]
407 (3)  [120, 563, 722, 906]
408 (3)  [128, 495, 578, 665]
409 (3)  [38, 567, 909, 951]
410 (4)  [80, 526, 898, 914]
411 (3)  [118, 127, 344, 936]
412 (4)  [62, 129, 555, 690]
413 (4)  [20, 110, 329, 537]
414 (3)  [134, 170, 513, 757]
415 (3)  [129, 317, 373, 468]
416 (4)  [26, 484, 865, 932]
417 (3)  [117, 164, 384, 556]
418 (3)  [142, 573, 899, 907]
419 (3)  [17, 114, 903, 951]
420 (3)  [112, 120, 598, 715]
421 (3)  [21, 538, 539, 620]
422 (4)  [71, 100, 689, 716]
423 (3)  [53, 320, 687, 727]
424 (4)  [123, 558, 693, 925]
425 (4)  [27, 88, 557, 777]
426 (3)  [55, 97, 605, 611]
427 (3)  [25, 119, 681, 945]
428 (3)  [133, 260, 522, 590]
429 (3)  [129, 138, 655, 858]
430 (3)  [112, 621, 633, 789]
431 (3)  [140, 490, 604, 760]
432 (4)  [117, 456, 775, 857]
433 (3)  [102, 532, 652, 926]
434 (3)  [100, 197, 829, 896]
435 (3)  [98, 128, 436, 862]
436 (3)  [49, 435, 668, 710]
437 (3)  [102, 817, 843, 856]
438 (3)  [131, 249, 554, 634]
439 (3)  [115, 299, 847, 897]
440 (3)  [119, 521, 545, 740, 763]
441 (4)  [120, 132, 139, 303, 525]
442 (4)  [136, 496, 509, 536, 546]
443 (3)  [119, 302, 509, 595, 928]
444 (3)  [82, 95, 554, 747, 819]
445 (3)  [132, 338, 523, 532, 937]
446 (3)  [39, 128, 557, 653, 888]
447 (3)  [47, 92, 127, 602, 732]
448 (4)  [135, 540, 738, 794, 942]
449 (3)  [70, 119, 810, 931, 938]
450 (4)  [42, 521, 534, 594, 877]
451 (3)  [133, 142, 266, 579, 904]
452 (3)  [103, 118, 198, 475, 514]
453 (3)  [12, 541, 587, 905, 916]
454 (3)  [139, 166, 644, 658, 944]
455 (3)  [141, 149, 540, 611, 823]
456 (3)  [89, 432, 558, 718, 728]
457 (4)  [13, 343, 531, 608, 944]
458 (3)  [137, 649, 695, 865, 953]
459 (3)  [15, 60, 546, 684, 950]
460 (3)  [70, 132, 633, 749, 752]
461 (3)  [115, 140, 624, 733, 744]
462 (3)  [140, 557, 849, 883, 948]
463 (4)  [78, 341, 405, 505, 948]
464 (3)  [124, 346, 512, 601, 826]
465 (3)  [125, 272, 480, 575, 581]
466 (3)  [121, 175, 510, 572, 934]
467 (3)  [103, 181, 542, 762, 885]
468 (3)  [30, 415, 582, 734, 929]
469 (3)  [72, 380, 553, 722, 904]
470 (4)  [88, 487, 739, 835, 845]
471 (3)  [93, 108, 593, 743, 828]
472 (3)  [140, 228, 642, 764, 882]
473 (3)  [112, 512, 728, 733, 774]
474 (3)  [110, 140, 546, 585, 711, 724]
475 (4)  [41, 127, 452, 526, 783, 929]
476 (3)  [138, 158, 255, 555, 792, 951]
477 (3)  [141, 201, 304, 337, 555, 927]
478 (4)  [96, 332, 513, 548, 907, 912]
479 (3)  [137, 225, 518, 555, 719, 736]
480 (3)  [77, 136, 465, 498, 546, 837]
481 (3)  [133, 375, 532, 622, 627, 934]
482 (3)  [18, 215, 521, 536, 606, 770]
483 (3)  [140, 556, 577, 783, 874, 875]
484 (3)  [127, 132, 416, 614, 690, 886]
485 (3)  [95, 171, 514, 683, 793, 915]
486 (3)  [131, 501, 555, 592, 873, 918]
487 (3)  [142, 293, 470, 589, 765, 868]
488 (3)  [122, 403, 680, 723, 804, 835]
489 (3)  [99, 142, 618, 635, 703, 840]
490 (3)  [59, 226, 406, 431, 637, 868]
491 (3)  [99, 362, 545, 697, 762, 834]
492 (3)  [106, 546, 773, 844, 853, 864]
493 (3)  [105, 138, 144, 386, 515, 547, 548]
494 (3)  [98, 141, 192, 553, 572, 949, 953]
495 (3)  [98, 408, 524, 671, 807, 815, 923]
496 (3)  [22, 133, 442, 650, 662, 709, 820]
497 (3)  [109, 328, 570, 608, 670, 806, 946]
498 (3)  [79, 124, 322, 355, 480, 621, 891]
499 (3)  [140, 281, 394, 595, 603, 932, 953]
500 (3)  [61, 114, 138, 287, 334, 840, 917]
501 (3)  [112, 167, 486, 726, 811, 813, 827]
502 (3)  [72, 587, 741, 847, 873, 919, 926]
503 (3)  [129, 553, 638, 721, 748, 851, 854]
504 (3)  [130, 552, 596, 725, 746, 750, 829]
505 (3)  [70, 151, 345, 405, 463, 589, 613, 867]
506 (3)  [140, 333, 388, 674, 692, 786, 922, 939]
507 (3)  [87, 290, 301, 359, 558, 666, 674, 784]
508 (3)  [135, 142, 510, 537, 688, 779, 859, 867]
509 (3)  [137, 387, 442, 443, 529, 679, 763, 848]
510 (3)  [89, 306, 466, 508, 558, 588, 828, 943]
511 (3)  [47, 326, 548, 578, 682, 793, 872, 941]
512 (3)  [111, 139, 331, 464, 473, 518, 640, 932]
513 (3)  [35, 107, 414, 478, 756, 761, 797, 924]
514 (3)  [120, 218, 452, 485, 811, 878, 909, 952]
515 (3)  [95, 271, 493, 755, 889, 898, 913, 915]
516 (3)  [124, 179, 543, 607, 796, 880, 881, 901]
517 (3)  [96, 325, 524, 569, 615, 639, 673, 724]
518 (3)  [56, 212, 217, 376, 479, 512, 573, 669]
519 (3)  [132, 227, 530, 599, 729, 800, 817, 852]
520 (3)  [114, 140, 190, 219, 233, 525, 858, 927, 952]
521 (3)  [54, 125, 440, 450, 482, 845, 877, 882, 931]
522 (3)  [51, 140, 185, 389, 428, 706, 788, 839, 952]
523 (3)  [133, 172, 177, 445, 571, 617, 717, 736, 831]
524 (4)  [75, 123, 363, 495, 517, 560, 569, 802, 809, 888]
525 (3)  [130, 441, 520, 550, 574, 779, 787, 801, 911, 949]
526 (3)  [125, 368, 410, 475, 550, 586, 625, 704, 734, 805]
527 (3)  [49, 65, 336, 544, 549, 552, 558, 659, 937, 939]
528 (3)  [109, 141, 211, 558, 586, 685, 766, 890, 921, 933]
529 (3)  [91, 265, 509, 535, 683, 689, 735, 767, 790, 938]
530 (3)  [131, 176, 342, 519, 557, 624, 667, 714, 754, 910]
531 (3)  [28, 188, 457, 549, 559, 565, 600, 705, 730, 838]
532 (3)  [97, 137, 141, 150, 433, 445, 481, 538, 574, 694, 803]
533 (3)  [72, 126, 130, 202, 538, 676, 688, 738, 745, 796, 952]
534 (4)  [73, 87, 136, 450, 557, 576, 617, 797, 800, 831, 871]
535 (3)  [88, 111, 529, 550, 555, 609, 739, 795, 819, 846, 914]
536 (3)  [137, 353, 399, 442, 482, 710, 780, 799, 823, 866, 952]
537 (3)  [64, 114, 148, 309, 413, 508, 564, 822, 880, 918, 936]
538 (3)  [66, 104, 308, 315, 398, 421, 532, 533, 680, 782, 950]
539 (3)  [127, 139, 178, 279, 329, 421, 541, 568, 677, 911, 919]
540 (3)  [142, 396, 448, 455, 629, 660, 712, 768, 909, 929, 947]
541 (3)  [137, 312, 316, 365, 453, 539, 562, 625, 721, 765, 870]
542 (3)  [106, 107, 214, 243, 467, 576, 707, 777, 781, 887, 940]
543 (3)  [105, 140, 205, 282, 516, 629, 784, 822, 836, 890, 920]
544 (3)  [100, 527, 554, 556, 619, 751, 776, 785, 789, 850, 868, 894]
545 (3)  [133, 440, 491, 558, 560, 699, 743, 798, 808, 871, 893, 922]
546 (3)  [9, 347, 442, 459, 474, 480, 492, 604, 851, 869, 892, 945]
547 (3)  [122, 153, 184, 377, 493, 557, 600, 616, 696, 772, 775, 785]
548 (3)  [125, 138, 140, 366, 391, 478, 493, 511, 742, 791, 792, 860, 925]
549 (3)  [76, 126, 146, 223, 395, 527, 531, 551, 561, 583, 786, 928, 939]
550 (3)  [113, 129, 156, 525, 526, 535, 558, 563, 577, 585, 790, 879, 902, 908, 943]
551 (3)  [50, 139, 549, 570, 580, 628, 646, 705, 781, 788, 789, 812, 826, 873, 935]
552 (3)  [8, 318, 356, 369, 371, 504, 527, 663, 671, 708, 780, 782, 842, 869, 908, 939]
553 (3)  [132, 141, 230, 305, 319, 382, 393, 469, 494, 503, 602, 632, 661, 672, 799, 874, 950]
554 (3)  [121, 135, 136, 438, 444, 544, 562, 603, 612, 630, 708, 720, 761, 810, 855, 876, 912]
555 (3)  [112, 361, 412, 476, 477, 479, 486, 535, 658, 687, 703, 768, 843, 861, 866, 905, 946]
556 (3)  [84, 115, 139, 417, 483, 544, 591, 601, 641, 655, 679, 694, 753, 787, 825, 870, 875, 951]
557 (3)  [6, 132, 143, 207, 245, 267, 330, 425, 446, 462, 530, 534, 547, 558, 567, 645, 693, 754, 794, 809, 813, 933]
558 (3)  [119, 126, 348, 357, 424, 456, 507, 510, 527, 528, 545, 550, 557, 566, 584, 594, 610, 643, 644, 769, 889, 895, 944, 953]
559 (4)  [531]
560 (5)  [524, 545]
561 (5)  [549, 951]
562 (4)  [541, 554]
563 (4)  [407, 550]
564 (5)  [537, 906]
565 (5)  [531, 947]
566 (5)  [558, 914]
567 (4)  [409, 557]
568 (5)  [399, 539]
569 (5)  [517, 524]
570 (4)  [497, 551]
571 (5)  [523, 905]
572 (4)  [466, 494]
573 (4)  [418, 518]
574 (4)  [525, 532]
575 (5)  [465, 911]
576 (5)  [534, 542]
577 (4)  [483, 550]
578 (4)  [408, 511]
579 (5)  [451, 878]
580 (5)  [551, 943]
581 (5)  [465, 931]
582 (5)  [306, 468]
583 (4)  [335, 549]
584 (5)  [558, 952]
585 (4)  [474, 550]
586 (4)  [526, 528]
587 (4)  [453, 502]
588 (5)  [510, 946]
589 (4)  [487, 505]
590 (4)  [428, 992]
591 (5)  [556, 884]
592 (5)  [328, 486]
593 (5)  [471, 930]
594 (5)  [450, 558]
595 (4)  [443, 499]
596 (5)  [504, 885]
597 (5)  [316, 949]
598 (5)  [420, 784]
599 (4)  [519, 954]
600 (4)  [531, 547]
601 (4)  [464, 556]
602 (4)  [447, 553]
603 (4)  [499, 554]
604 (4)  [431, 546]
605 (5)  [426, 825]
606 (5)  [482, 888]
607 (5)  [516, 894]
608 (5)  [457, 497]
609 (5)  [357, 535]
610 (5)  [558, 935]
611 (4)  [426, 455]
612 (5)  [554, 949]
613 (5)  [505, 945]
614 (5)  [484, 876]
615 (4)  [351, 517]
616 (5)  [547, 946]
617 (5)  [523, 534]
618 (5)  [489, 945]
619 (5)  [544, 948]
620 (5)  [305, 421]
621 (4)  [430, 498]
622 (5)  [481, 881]
623 (5)  [397, 919]
624 (4)  [461, 530]
625 (4)  [526, 541]
626 (5)  [358, 945]
627 (5)  [376, 481]
628 (4)  [323, 551]
629 (4)  [540, 543]
630 (4)  [372, 554]
631 (5)  [336, 930]
632 (5)  [553, 918]
633 (4)  [430, 460]
634 (5)  [438, 883]
635 (5)  [489, 841]
636 (5)  [333, 926]
637 (5)  [490, 843]
638 (5)  [503, 876]
639 (5)  [517, 808]
640 (5)  [373, 512]
641 (5)  [556, 945]
642 (5)  [472, 813]
643 (5)  [558, 949]
644 (4)  [454, 558]
645 (5)  [557, 894]
646 (5)  [551, 919]
647 (4)  [313, 991]
648 (5)  [369, 890]
649 (5)  [458, 891]
650 (5)  [496, 923]
651 (5)  [326, 938]
652 (5)  [433, 811]
653 (5)  [446, 795]
654 (5)  [324, 885]
655 (4)  [429, 556]
656 (5)  [398, 875]
657 (5)  [379, 936]
658 (4)  [454, 555]
659 (5)  [527, 947]
660 (5)  [540, 877]
661 (5)  [553, 915]
662 (4)  [311, 496]
663 (5)  [552, 893]
664 (5)  [322, 902]
665 (5)  [408, 787]
666 (5)  [507, 886]
667 (4)  [530, 999]
668 (5)  [436, 952]
669 (5)  [518, 898]
670 (5)  [497, 910]
671 (4)  [495, 552]
672 (5)  [553, 940]
673 (5)  [517, 839]
674 (4)  [506, 507]
675 (5)  [304, 869]
676 (5)  [330, 533]
677 (5)  [539, 938]
678 (5)  [384, 822]
679 (4)  [509, 556]
680 (4)  [488, 538]
681 (5)  [345, 427]
682 (5)  [511, 810]
683 (4)  [485, 529]
684 (5)  [459, 949]
685 (5)  [528, 797]
686 (4)  [383, 390]
687 (4)  [423, 555]
688 (4)  [508, 533]
689 (5)  [422, 529]
690 (5)  [412, 484]
691 (5)  [378, 882]
692 (5)  [506, 936]
693 (5)  [424, 557]
694 (4)  [532, 556]
695 (4)  [381, 458]
696 (5)  [547, 831]
697 (5)  [491, 947]
698 (5)  [368, 880]
699 (5)  [545, 934]
700 (5)  [405, 846]
701 (4)  [303, 1000]
702 (5)  [382, 925]
703 (4)  [489, 555]
704 (5)  [526, 936]
705 (4)  [531, 551]
706 (4)  [404, 522]
707 (5)  [542, 912]
708 (4)  [552, 554]
709 (5)  [406, 496]
710 (4)  [436, 536]
711 (5)  [348, 474]
712 (4)  [354, 540]
713 (5)  [371, 881]
714 (5)  [309, 530]
715 (5)  [420, 861]
716 (5)  [321, 422]
717 (5)  [523, 816]
718 (5)  [377, 456]
719 (5)  [479, 902]
720 (5)  [554, 948]
721 (4)  [503, 541]
722 (4)  [407, 469]
723 (5)  [366, 488]
724 (4)  [474, 517]
725 (5)  [504, 918]
726 (5)  [312, 501]
727 (5)  [423, 924]
728 (4)  [456, 473]
729 (5)  [519, 953]
730 (5)  [531, 854]
731 (5)  [375, 866]
732 (5)  [361, 447]
733 (4)  [461, 473]
734 (4)  [468, 526]
735 (5)  [529, 847]
736 (4)  [479, 523]
737 (5)  [332, 840]
738 (5)  [448, 533]
739 (5)  [470, 535]
740 (5)  [440, 904]
741 (5)  [502, 856]
742 (4)  [364, 548]
743 (4)  [471, 545]
744 (5)  [461, 920]
745 (5)  [393, 533]
746 (4)  [392, 504]
747 (5)  [444, 858]
748 (5)  [503, 820]
749 (5)  [460, 863]
750 (5)  [504, 911]
751 (5)  [544, 852]
752 (5)  [460, 916]
753 (4)  [556, 994]
754 (4)  [530, 557]
755 (5)  [515, 845]
756 (5)  [513, 903]
757 (5)  [414, 937]
758 (5)  [388, 941]
759 (5)  [401, 827]
760 (4)  [431, 1000]
761 (4)  [513, 554]
762 (4)  [467, 491]
763 (4)  [440, 509]
764 (5)  [472, 943]
765 (4)  [487, 541]
766 (5)  [528, 857]
767 (5)  [529, 943]
768 (4)  [540, 555]
769 (4)  [558, 996]
770 (5)  [482, 908]
771 (5)  [370, 921]
772 (4)  [350, 547]
773 (4)  [492, 998]
774 (5)  [394, 473]
775 (5)  [432, 547]
776 (4)  [544, 997]
777 (5)  [425, 542]
778 (5)  [237, 302, 966]
779 (4)  [307, 508, 525]
780 (4)  [349, 536, 552]
781 (4)  [350, 542, 551]
782 (4)  [538, 552, 975]
783 (5)  [475, 483, 887]
784 (4)  [507, 543, 598]
785 (4)  [186, 544, 547]
786 (4)  [506, 549, 970]
787 (4)  [525, 556, 665]
788 (5)  [522, 551, 878]
789 (4)  [430, 544, 551]
790 (5)  [529, 550, 821]
791 (5)  [548, 833, 867]
792 (4)  [476, 548, 964]
793 (4)  [283, 485, 511]
794 (5)  [448, 557, 921]
795 (4)  [535, 653, 928]
796 (5)  [516, 533, 895]
797 (4)  [513, 534, 685]
798 (5)  [545, 872, 882]
799 (4)  [536, 553, 958]
800 (5)  [519, 534, 894]
801 (5)  [525, 928, 990]
802 (5)  [165, 395, 524]
803 (5)  [337, 532, 860]
804 (5)  [488, 947, 986]
805 (5)  [259, 526, 906]
806 (5)  [231, 497, 909]
807 (5)  [495, 951, 957]
808 (4)  [545, 639, 931]
809 (5)  [524, 557, 850]
810 (4)  [449, 554, 682]
811 (4)  [501, 514, 652]
812 (5)  [551, 950, 958]
813 (4)  [501, 557, 642]
814 (5)  [289, 933, 946]
815 (5)  [346, 495, 962]
816 (4)  [334, 717, 874]
817 (5)  [437, 519, 879]
818 (5)  [199, 883, 932]
819 (5)  [444, 535, 900]
820 (4)  [496, 748, 870]
821 (4)  [239, 790, 952]
822 (4)  [537, 543, 678]
823 (4)  [455, 536, 985]
824 (5)  [247, 927, 935]
825 (4)  [556, 605, 948]
826 (4)  [464, 551, 978]
827 (4)  [501, 759, 869]
828 (4)  [471, 510, 972]
829 (5)  [434, 504, 937]
830 (5)  [319, 360, 985]
831 (4)  [523, 534, 696]
832 (5)  [300, 893, 943]
833 (5)  [222, 791, 948]
834 (4)  [314, 491, 980]
835 (5)  [470, 488, 897]
836 (5)  [543, 892, 989]
837 (5)  [338, 480, 864]
838 (5)  [240, 531, 889]
839 (4)  [522, 673, 890]
840 (4)  [489, 500, 737]
841 (4)  [401, 635, 952]
842 (5)  [552, 902, 922]
843 (4)  [437, 555, 637]
844 (5)  [492, 859, 880]
845 (4)  [470, 521, 755]
846 (4)  [535, 700, 950]
847 (4)  [439, 502, 735]
848 (5)  [362, 509, 997]
849 (5)  [342, 462, 853]
850 (4)  [544, 809, 988]
851 (4)  [503, 546, 983]
852 (4)  [519, 751, 900]
853 (4)  [236, 492, 849]
854 (4)  [331, 503, 730]
855 (5)  [554, 889, 987]
856 (4)  [327, 437, 741]
857 (4)  [402, 432, 766]
858 (4)  [429, 520, 747]
859 (5)  [508, 844, 862]
860 (4)  [548, 803, 975]
861 (4)  [367, 555, 715]
862 (4)  [435, 859, 980]
863 (4)  [389, 749, 877]
864 (4)  [284, 492, 837]
865 (5)  [416, 458, 984]
866 (4)  [536, 555, 731, 967]
867 (4)  [505, 508, 791, 972]
868 (5)  [396, 487, 490, 544]
869 (4)  [546, 552, 675, 827]
870 (5)  [317, 541, 556, 820]
871 (5)  [534, 545, 960, 999]
872 (5)  [352, 511, 798, 906]
873 (4)  [220, 486, 502, 551]
874 (5)  [162, 483, 553, 816]
875 (4)  [483, 556, 656, 993]
876 (4)  [554, 614, 638, 941]
877 (4)  [450, 521, 660, 863]
878 (4)  [514, 579, 788, 992]
879 (4)  [379, 400, 550, 817]
880 (4)  [516, 537, 698, 844]
881 (4)  [403, 516, 622, 713]
882 (4)  [472, 521, 691, 798]
883 (4)  [462, 634, 818, 946]
884 (4)  [256, 591, 933, 950]
885 (4)  [467, 596, 654, 929]
886 (4)  [381, 484, 666, 927]
887 (5)  [203, 542, 783, 892]
888 (4)  [446, 524, 606, 990]
889 (4)  [515, 558, 838, 855]
890 (4)  [528, 543, 648, 839]
891 (4)  [344, 498, 649, 996]
892 (4)  [546, 836, 887, 969]
893 (4)  [545, 663, 832, 946]
894 (4)  [544, 607, 645, 800]
895 (4)  [263, 374, 558, 796]
896 (5)  [274, 347, 390, 434]
897 (4)  [439, 835, 949, 989]
898 (4)  [410, 515, 669, 981]
899 (4)  [418, 955, 967, 977]
900 (4)  [246, 819, 852, 995]
901 (5)  [276, 516, 947, 978]
902 (4)  [550, 664, 719, 842]
903 (4)  [269, 355, 419, 756]
904 (4)  [294, 451, 469, 740]
905 (4)  [209, 453, 555, 571, 956]
906 (4)  [323, 407, 564, 805, 872]
907 (4)  [154, 418, 478, 946, 976]
908 (4)  [550, 552, 770, 974, 979]
909 (4)  [409, 514, 540, 806, 982]
910 (4)  [530, 670, 927, 961, 991]
911 (4)  [321, 525, 539, 575, 750]
912 (4)  [385, 478, 554, 707, 960]
913 (5)  [258, 515, 952, 971, 998]
914 (4)  [208, 410, 535, 566, 950]
915 (4)  [485, 515, 661, 917, 1000]
916 (4)  [399, 453, 752, 965, 987]
917 (4)  [210, 500, 915, 969, 984]
918 (4)  [486, 537, 632, 725, 966]
919 (4)  [502, 539, 623, 646, 961]
920 (4)  [257, 404, 543, 744, 964]
921 (4)  [221, 298, 528, 771, 794]
922 (4)  [194, 506, 545, 842, 959]
923 (4)  [213, 339, 495, 650, 959]
924 (4)  [232, 513, 727, 965, 993]
925 (4)  [424, 548, 702, 968, 971]
926 (4)  [433, 502, 636, 986, 988]
927 (5)  [313, 477, 520, 824, 886, 910]
928 (4)  [443, 549, 795, 801, 992, 993]
929 (5)  [250, 354, 468, 475, 540, 885]
930 (4)  [261, 593, 631, 943, 944, 973]
931 (4)  [169, 449, 521, 581, 808, 994]
932 (5)  [160, 161, 416, 499, 512, 818]
933 (5)  [367, 528, 557, 814, 884, 956]
934 (4)  [351, 383, 466, 481, 699, 994]
935 (4)  [275, 551, 610, 824, 944, 983]
936 (4)  [411, 537, 657, 692, 704, 998]
937 (4)  [204, 445, 527, 757, 829, 982]
938 (4)  [449, 529, 651, 677, 997, 1000]
939 (5)  [252, 288, 506, 527, 549, 552, 946]
940 (4)  [339, 392, 542, 672, 950, 970, 995]
941 (4)  [145, 159, 511, 758, 876, 943, 968]
942 (5)  [193, 277, 364, 448, 948, 963, 996]
943 (4)  [510, 550, 580, 764, 767, 832, 930, 941]
944 (5)  [307, 454, 457, 558, 930, 935, 973, 981]
945 (4)  [395, 427, 546, 613, 618, 626, 641, 991]
946 (4)  [497, 555, 588, 616, 814, 883, 893, 907, 939]
947 (4)  [155, 540, 565, 659, 697, 804, 901, 951, 974]
948 (4)  [380, 462, 463, 619, 720, 825, 833, 942, 963]
949 (4)  [168, 270, 494, 525, 597, 612, 643, 684, 897, 995]
950 (4)  [340, 360, 459, 538, 553, 812, 846, 884, 914, 940]
951 (4)  [152, 404, 409, 419, 476, 556, 561, 807, 947, 979]
952 (4)  [514, 520, 522, 533, 536, 584, 668, 821, 841, 913, 957]
953 (4)  [234, 314, 356, 458, 494, 499, 558, 729, 962, 977, 999]
954 (5)  [599]
955 (5)  [899]
956 (6)  [905, 933]
957 (6)  [807, 952]
958 (6)  [799, 812]
959 (5)  [922, 923]
960 (6)  [871, 912]
961 (5)  [910, 919]
962 (6)  [815, 953]
963 (6)  [942, 948]
964 (5)  [792, 920]
965 (5)  [916, 924]
966 (6)  [778, 918]
967 (5)  [866, 899]
968 (5)  [925, 941]
969 (5)  [892, 917]
970 (5)  [786, 940]
971 (6)  [913, 925]
972 (5)  [828, 867]
973 (6)  [930, 944]
974 (5)  [908, 947]
975 (5)  [782, 860]
976 (6)  [907, 999]
977 (5)  [899, 953]
978 (6)  [826, 901]
979 (5)  [908, 951]
980 (5)  [834, 862]
981 (6)  [898, 944]
982 (5)  [909, 937]
983 (5)  [851, 935]
984 (6)  [865, 917]
985 (6)  [823, 830]
986 (6)  [804, 926]
987 (6)  [855, 916]
988 (5)  [850, 926]
989 (6)  [836, 897]
990 (6)  [801, 888]
991 (5)  [647, 910, 945]
992 (5)  [590, 878, 928]
993 (5)  [875, 924, 928]
994 (5)  [753, 931, 934]
995 (5)  [900, 940, 949]
996 (6)  [769, 891, 942]
997 (6)  [776, 848, 938]
998 (6)  [773, 913, 936]
999 (5)  [667, 871, 953, 976]
1000 (5)  [701, 760, 915, 938]
