BA Model
Parameters:
- m0:20.0
- m:2.0

 Size : 250
 Size of core : 6
 % of P2P links : 0,08
 % of nodes in level 1 : 2
 % of nodes in level 2 : 22,4
 % of nodes in level 3 : 33,2
 % of nodes in level 4 : 29,2
 % of nodes in level 5 : 12,4
 % of nodes in level 6 : 0,8
 Degree of level 1 : 12,2
 Degree of level 2 : 4,59
 Degree of level 3 : 3,72
 Degree of level 4 : 2,93
 Degree of level 5 : 2,03
 Degree of level 6 : 2

1 (1)  [5, 11, 20, 22, 30, 50, 69, 70, 71]
2 (1)  [4, 9, 14, 24, 32, 36, 39, 49, 55]
3 (1)  [4, 24, 24, 25, 31, 33, 38, 43, 44, 47]
4 (1)  [2, 3, 8, 26, 44, 45, 46, 51, 54, 56, 57, 61, 62, 65, 66]
5 (1)  [1, 6, 10, 12, 16, 23, 28, 30, 34, 41, 42, 47, 53, 57, 60, 63, 64, 68]
6 (2)  [5]
7 (2)  [24, 72]
8 (2)  [4, 24]
9 (2)  [2, 186]
10 (2)  [5, 183]
11 (3)  [1, 60]
12 (3)  [5, 66]
13 (3)  [24, 44]
14 (2)  [2, 184]
15 (2)  [24, 176]
16 (3)  [5, 28]
17 (2)  [24, 177]
18 (2)  [24, 138]
19 (2)  [24, 165]
20 (3)  [1, 51]
21 (2)  [24, 187]
22 (2)  [1, 151]
23 (2)  [5, 183]
24 (2)  [3, 183]
25 (2)  [3, 164]
26 (3)  [4, 62]
27 (3)  [24, 65]
28 (2)  [5, 16, 166]
29 (2)  [24, 70, 84]
30 (2)  [1, 5, 147]
31 (3)  [3, 66, 85]
32 (2)  [2, 126, 187]
33 (2)  [3, 47, 97]
34 (2)  [5, 71, 91]
35 (2)  [24, 86, 178]
36 (2)  [2, 114, 176]
37 (2)  [24, 144, 170]
38 (2)  [3, 102, 182]
39 (3)  [2, 64, 125]
40 (2)  [24, 76, 81, 152]
41 (2)  [5, 24, 103, 161]
42 (2)  [5, 82, 122, 178]
43 (2)  [3, 63, 109, 139]
44 (2)  [3, 4, 13, 108]
45 (2)  [4, 92, 134, 179]
46 (2)  [4, 147, 160, 181]
47 (3)  [3, 5, 33, 142]
48 (2)  [24, 67, 85, 118]
49 (2)  [2, 66, 95, 129]
50 (2)  [1, 105, 113, 169]
51 (2)  [4, 20, 122, 184]
52 (2)  [24, 99, 121, 139]
53 (2)  [5, 107, 123, 180]
54 (2)  [4, 74, 104, 150, 180]
55 (2)  [2, 58, 67, 128, 135]
56 (2)  [4, 77, 120, 157, 176]
57 (2)  [4, 5, 78, 100, 148]
58 (2)  [24, 55, 65, 89, 158, 179]
59 (2)  [24, 65, 75, 87, 133, 136]
60 (2)  [5, 11, 80, 100, 106, 187]
61 (2)  [4, 69, 73, 125, 131, 167]
62 (2)  [4, 26, 111, 145, 154, 165, 183]
63 (2)  [5, 24, 43, 110, 130, 131, 156]
64 (2)  [5, 24, 39, 101, 116, 123, 185]
65 (2)  [4, 27, 58, 59, 66, 135, 156, 157, 177]
66 (2)  [4, 12, 31, 49, 65, 90, 106, 110, 153, 172]
67 (2)  [24, 48, 55, 88, 92, 98, 127, 142, 159, 185]
68 (2)  [5, 74, 83, 119, 137, 138, 143, 149, 153, 162, 171]
69 (2)  [1, 61, 88, 112, 136, 155, 168, 169, 175, 183, 184]
70 (2)  [1, 24, 29, 75, 79, 90, 94, 141, 146, 159, 173, 174, 183, 186, 188]
71 (2)  [1, 34, 80, 87, 93, 96, 104, 115, 117, 124, 132, 140, 141, 163, 177]
72 (3)  [7]
73 (3)  [61, 243]
74 (3)  [54, 68]
75 (3)  [59, 70]
76 (4)  [40, 188]
77 (4)  [56, 176]
78 (4)  [57, 188]
79 (4)  [70, 166]
80 (3)  [60, 71]
81 (4)  [40, 188]
82 (4)  [42, 133]
83 (4)  [68, 182]
84 (4)  [29, 179]
85 (4)  [31, 48]
86 (3)  [35, 238]
87 (3)  [59, 71]
88 (3)  [67, 69]
89 (4)  [58, 182]
90 (3)  [66, 70]
91 (4)  [34, 161]
92 (3)  [45, 67]
93 (3)  [71, 239]
94 (3)  [70, 229]
95 (4)  [49, 157]
96 (3)  [71, 189]
97 (4)  [33, 175]
98 (4)  [67, 146]
99 (4)  [52, 182]
100 (3)  [57, 60]
101 (4)  [64, 188]
102 (3)  [38, 228]
103 (3)  [41, 240]
104 (3)  [54, 71]
105 (4)  [50, 136]
106 (3)  [60, 66]
107 (4)  [53, 168]
108 (3)  [44, 243]
109 (3)  [43, 243]
110 (3)  [63, 66]
111 (3)  [62, 238]
112 (4)  [69, 157]
113 (4)  [50, 180]
114 (3)  [36, 240]
115 (4)  [71, 185]
116 (4)  [64, 150]
117 (3)  [71, 227]
118 (3)  [48, 243]
119 (4)  [68, 143]
120 (4)  [56, 185]
121 (4)  [52, 152]
122 (3)  [42, 51]
123 (3)  [53, 64]
124 (4)  [71, 140]
125 (4)  [39, 61]
126 (4)  [32, 168]
127 (3)  [67, 231]
128 (4)  [55, 187]
129 (3)  [49, 232]
130 (4)  [63, 143, 166]
131 (4)  [61, 63, 155]
132 (3)  [71, 198, 242]
133 (3)  [59, 82, 186]
134 (4)  [45, 156, 170]
135 (3)  [55, 65, 208]
136 (3)  [59, 69, 105]
137 (3)  [68, 148, 190]
138 (4)  [18, 68, 173]
139 (4)  [43, 52, 187]
140 (3)  [71, 124, 188]
141 (3)  [70, 71, 203]
142 (4)  [47, 67, 164]
143 (3)  [68, 119, 130]
144 (3)  [37, 213, 243]
145 (4)  [62, 176, 216]
146 (3)  [70, 98, 162]
147 (3)  [30, 46, 204]
148 (3)  [57, 137, 217]
149 (3)  [68, 164, 215]
150 (3)  [54, 116, 172]
151 (4)  [22, 185, 188]
152 (3)  [40, 121, 174]
153 (3)  [66, 68, 221]
154 (4)  [62, 167, 177, 184]
155 (3)  [69, 131, 199, 211]
156 (3)  [63, 65, 134, 192]
157 (3)  [56, 65, 95, 112]
158 (4)  [58, 170, 178, 219]
159 (3)  [67, 70, 228, 236]
160 (3)  [46, 197, 228, 240]
161 (3)  [41, 91, 172, 222]
162 (3)  [68, 146, 173, 219]
163 (4)  [71, 178, 206, 214]
164 (4)  [25, 142, 149, 188]
165 (4)  [19, 62, 170, 236]
166 (3)  [28, 79, 130, 171, 234]
167 (3)  [61, 154, 194, 214, 221]
168 (3)  [69, 107, 126, 173, 223]
169 (3)  [50, 69, 184, 202, 240]
170 (3)  [37, 134, 158, 165, 209]
171 (4)  [68, 166, 187, 191, 194, 235]
172 (4)  [66, 150, 161, 175, 199, 243]
173 (3)  [70, 138, 162, 168, 187, 229]
174 (3)  [70, 152, 184, 201, 227, 239]
175 (3)  [69, 97, 172, 216, 231, 232]
176 (3)  [15, 36, 56, 77, 145, 180, 200]
177 (3)  [17, 65, 71, 154, 218, 222, 231]
178 (3)  [35, 42, 158, 163, 186, 188, 230]
179 (3)  [45, 58, 84, 212, 224, 233, 238]
180 (3)  [53, 54, 113, 176, 195, 241, 242]
181 (3)  [46, 196, 204, 209, 226, 235, 238]
182 (3)  [38, 83, 89, 99, 188, 206, 241]
183 (3)  [10, 23, 24, 62, 69, 70, 191, 205]
184 (3)  [14, 51, 69, 154, 169, 174, 208, 220]
185 (3)  [64, 67, 115, 120, 151, 207, 234, 237]
186 (3)  [9, 70, 133, 178, 193, 224, 225, 227, 229, 241]
187 (3)  [21, 32, 60, 128, 139, 171, 173, 195, 205, 210, 243]
188 (3)  [70, 76, 78, 81, 101, 140, 151, 164, 178, 182, 192, 213, 226, 233, 243]
189 (4)  [96]
190 (4)  [137]
191 (5)  [171, 183]
192 (4)  [156, 188]
193 (5)  [186, 243]
194 (5)  [167, 171]
195 (4)  [180, 187]
196 (5)  [181, 240]
197 (5)  [160, 241]
198 (5)  [132, 242]
199 (5)  [155, 172]
200 (5)  [176, 243]
201 (5)  [174, 225]
202 (5)  [169, 226]
203 (5)  [141, 230]
204 (4)  [147, 181]
205 (4)  [183, 187]
206 (5)  [163, 182]
207 (5)  [185, 242]
208 (4)  [135, 184]
209 (4)  [170, 181]
210 (5)  [187, 243]
211 (5)  [155, 242]
212 (5)  [179, 237]
213 (4)  [144, 188]
214 (5)  [163, 167]
215 (5)  [149, 236]
216 (5)  [145, 175]
217 (5)  [148, 237]
218 (5)  [177, 238]
219 (5)  [158, 162]
220 (5)  [184, 241]
221 (4)  [153, 167]
222 (4)  [161, 177]
223 (5)  [168, 234]
224 (4)  [179, 186, 249]
225 (4)  [186, 201, 244]
226 (4)  [181, 188, 202]
227 (4)  [117, 174, 186]
228 (4)  [102, 159, 160]
229 (4)  [94, 173, 186]
230 (4)  [178, 203, 243]
231 (4)  [127, 175, 177]
232 (5)  [129, 175, 236]
233 (4)  [179, 188, 250]
234 (4)  [166, 185, 223]
235 (5)  [171, 181, 242, 247]
236 (4)  [159, 165, 215, 232]
237 (4)  [185, 212, 217, 245]
238 (4)  [86, 111, 179, 181, 218]
239 (4)  [93, 174, 240, 246, 250]
240 (4)  [103, 114, 160, 169, 196, 239]
241 (4)  [180, 182, 186, 197, 220, 248]
242 (4)  [132, 180, 198, 207, 211, 235, 247, 249]
243 (4)  [73, 108, 109, 118, 144, 172, 187, 188, 193, 200, 210, 230]
244 (5)  [225]
245 (5)  [237]
246 (6)  [239, 248]
247 (6)  [235, 242]
248 (5)  [241, 246]
249 (5)  [224, 242]
250 (5)  [233, 239]
