BA Model
Parameters:
- m0:20.0
- m:2.0

 Size : 500
 Size of core : 6
 % of P2P links : 0,1
 % of nodes in level 1 : 1
 % of nodes in level 2 : 14,6
 % of nodes in level 3 : 25,2
 % of nodes in level 4 : 30,6
 % of nodes in level 5 : 24
 % of nodes in level 6 : 4,4
 % of nodes in level 7 : 0,2
 Degree of level 1 : 15
 Degree of level 2 : 4,67
 Degree of level 3 : 4,75
 Degree of level 4 : 3,51
 Degree of level 5 : 2,59
 Degree of level 6 : 2,23
 Degree of level 7 : 2

1 (1)  [15, 21, 24, 26, 27, 30, 51, 60, 66, 68, 69, 76, 77, 81]
2 (1)  [3, 4, 10, 17, 21, 34, 39, 42, 45, 52, 63, 70, 74, 85]
3 (1)  [2, 4, 11, 14, 33, 35, 43, 49, 55, 57, 61, 64, 75, 79, 84]
4 (1)  [2, 3, 8, 22, 25, 34, 36, 37, 50, 53, 56, 67, 72, 82, 83]
5 (1)  [7, 9, 16, 18, 19, 21, 31, 32, 40, 46, 47, 48, 59, 65, 73, 78, 80]
6 (2)  [21, 200]
7 (2)  [5, 259]
8 (2)  [4, 260]
9 (2)  [5, 265]
10 (2)  [2, 266]
11 (2)  [3, 243]
12 (2)  [21, 232]
13 (2)  [21, 224]
14 (2)  [3, 21]
15 (2)  [1, 171]
16 (2)  [5, 151]
17 (3)  [2, 75]
18 (2)  [5, 215]
19 (2)  [5, 21]
20 (2)  [21, 164]
21 (2)  [2, 234]
22 (2)  [4, 247]
23 (2)  [21, 270]
24 (2)  [1, 255]
25 (3)  [4, 85]
26 (3)  [1, 85]
27 (3)  [1, 83]
28 (3)  [21, 45]
29 (2)  [21, 179]
30 (2)  [1, 212]
31 (2)  [5, 176]
32 (2)  [5, 269]
33 (2)  [3, 170]
34 (2)  [2, 4]
35 (2)  [3, 228, 240]
36 (2)  [4, 82, 168]
37 (2)  [4, 49, 86]
38 (2)  [21, 84, 136]
39 (3)  [2, 69, 94]
40 (2)  [5, 111, 247]
41 (2)  [21, 131, 225]
42 (2)  [2, 109, 146]
43 (2)  [3, 139, 204]
44 (2)  [21, 132, 233]
45 (2)  [2, 28, 266]
46 (2)  [5, 108, 112, 268]
47 (2)  [5, 80, 184, 190]
48 (2)  [5, 91, 129, 268]
49 (2)  [3, 37, 77, 143]
50 (2)  [4, 156, 226, 261]
51 (2)  [1, 84, 177, 231]
52 (2)  [2, 163, 183, 252]
53 (2)  [4, 181, 213, 227]
54 (3)  [21, 58, 77, 114]
55 (2)  [3, 159, 238, 268]
56 (2)  [4, 62, 96, 99]
57 (2)  [3, 123, 215, 251]
58 (2)  [21, 54, 102, 106]
59 (2)  [5, 114, 122, 253]
60 (2)  [1, 98, 178, 197]
61 (2)  [3, 130, 160, 210, 218]
62 (2)  [21, 56, 80, 167, 196]
63 (2)  [2, 84, 135, 206, 236]
64 (2)  [3, 87, 186, 197, 264]
65 (2)  [5, 93, 152, 198, 224]
66 (2)  [1, 79, 88, 113, 211]
67 (2)  [4, 157, 165, 177, 254]
68 (2)  [1, 73, 125, 141, 180]
69 (2)  [1, 39, 76, 199, 232, 244]
70 (2)  [2, 21, 89, 140, 182, 228]
71 (2)  [21, 95, 125, 234, 237, 258]
72 (2)  [4, 101, 113, 120, 209, 249]
73 (2)  [5, 68, 110, 166, 174, 233, 261]
74 (2)  [2, 100, 107, 126, 193, 203, 237, 259]
75 (2)  [3, 17, 103, 109, 128, 137, 172, 248]
76 (2)  [1, 69, 85, 118, 127, 155, 194, 202, 216]
77 (2)  [1, 49, 54, 85, 116, 149, 150, 201, 250]
78 (2)  [5, 82, 85, 104, 154, 166, 222, 242, 256, 263]
79 (2)  [3, 66, 85, 134, 148, 169, 187, 195, 219, 223]
80 (2)  [5, 47, 62, 119, 133, 144, 214, 219, 239, 244, 268]
81 (2)  [1, 117, 121, 153, 162, 235, 245, 258, 260, 261, 264]
82 (2)  [4, 36, 78, 90, 97, 124, 158, 161, 189, 192, 205, 208, 241]
83 (2)  [4, 27, 105, 149, 175, 195, 207, 217, 220, 221, 229, 246, 261, 262]
84 (2)  [3, 38, 51, 63, 92, 94, 121, 138, 142, 147, 171, 230, 240, 256, 257, 259]
85 (2)  [2, 25, 26, 76, 77, 78, 79, 97, 115, 145, 173, 185, 188, 191, 241, 266, 267]
86 (3)  [37, 458]
87 (4)  [64, 253]
88 (4)  [66, 250]
89 (4)  [70, 262]
90 (4)  [82, 265]
91 (4)  [48, 247]
92 (4)  [84, 220]
93 (4)  [65, 264]
94 (4)  [39, 84]
95 (4)  [71, 257]
96 (4)  [56, 263]
97 (3)  [82, 85]
98 (4)  [60, 218]
99 (4)  [56, 155]
100 (4)  [74, 263]
101 (3)  [72, 456]
102 (4)  [58, 226]
103 (4)  [75, 220]
104 (3)  [78, 372]
105 (4)  [83, 233]
106 (4)  [58, 163]
107 (4)  [74, 169]
108 (4)  [46, 257]
109 (3)  [42, 75]
110 (4)  [73, 221]
111 (4)  [40, 263]
112 (3)  [46, 416]
113 (3)  [66, 72]
114 (4)  [54, 59]
115 (3)  [85, 459]
116 (4)  [77, 157]
117 (4)  [81, 198]
118 (3)  [76, 461]
119 (4)  [80, 215]
120 (4)  [72, 208]
121 (3)  [81, 84]
122 (4)  [59, 206]
123 (3)  [57, 439]
124 (4)  [82, 243]
125 (3)  [68, 71]
126 (4)  [74, 221]
127 (3)  [76, 424]
128 (4)  [75, 245]
129 (3)  [48, 434]
130 (3)  [61, 400]
131 (4)  [41, 214]
132 (3)  [44, 456]
133 (4)  [80, 237]
134 (3)  [79, 446]
135 (3)  [63, 384]
136 (3)  [38, 458]
137 (3)  [75, 418]
138 (3)  [84, 443]
139 (3)  [43, 421]
140 (3)  [70, 425]
141 (3)  [68, 390]
142 (3)  [84, 398]
143 (4)  [49, 184]
144 (4)  [80, 270]
145 (4)  [85, 263]
146 (3)  [42, 291, 462]
147 (4)  [84, 269, 433]
148 (4)  [79, 173, 239]
149 (4)  [77, 83, 225]
150 (4)  [77, 261, 280]
151 (4)  [16, 199, 255]
152 (4)  [65, 156, 263]
153 (4)  [81, 257, 278]
154 (3)  [78, 335, 455]
155 (3)  [76, 99, 267]
156 (3)  [50, 152, 293]
157 (3)  [67, 116, 264]
158 (3)  [82, 309, 448]
159 (3)  [55, 202, 353]
160 (4)  [61, 261, 318]
161 (3)  [82, 360, 432]
162 (3)  [81, 246, 298]
163 (3)  [52, 106, 261]
164 (4)  [20, 267, 407]
165 (3)  [67, 346, 414]
166 (3)  [73, 78, 296]
167 (3)  [62, 305, 410]
168 (4)  [36, 238, 414]
169 (3)  [79, 107, 258]
170 (4)  [33, 208, 264]
171 (3)  [15, 84, 367]
172 (3)  [75, 426, 461]
173 (3)  [85, 148, 399]
174 (4)  [73, 213, 342]
175 (4)  [83, 196, 303]
176 (4)  [31, 191, 385]
177 (3)  [51, 67, 330]
178 (3)  [60, 352, 450]
179 (4)  [29, 245, 386]
180 (4)  [68, 196, 356]
181 (3)  [53, 325, 460]
182 (4)  [70, 217, 423]
183 (3)  [52, 338, 388]
184 (3)  [47, 143, 450]
185 (4)  [85, 251, 355]
186 (3)  [64, 211, 356]
187 (3)  [79, 341, 378, 462]
188 (4)  [85, 219, 226, 382]
189 (4)  [82, 209, 254, 262]
190 (4)  [47, 262, 361, 363]
191 (3)  [85, 176, 210, 240]
192 (3)  [82, 292, 310, 462]
193 (4)  [74, 224, 255, 425]
194 (3)  [76, 249, 303, 384]
195 (3)  [79, 83, 286, 454]
196 (3)  [62, 175, 180, 220]
197 (4)  [60, 64, 270, 395]
198 (3)  [65, 117, 265, 357]
199 (3)  [69, 151, 287, 462]
200 (4)  [6, 231, 360, 454]
201 (3)  [77, 241, 281, 307]
202 (4)  [76, 159, 205, 264]
203 (3)  [74, 331, 359, 412]
204 (3)  [43, 289, 453, 456]
205 (3)  [82, 202, 385, 442]
206 (3)  [63, 122, 396, 433]
207 (3)  [83, 215, 320, 461]
208 (3)  [82, 120, 170, 256]
209 (3)  [72, 189, 341, 376]
210 (3)  [61, 191, 288, 419]
211 (4)  [66, 186, 270, 335]
212 (3)  [30, 268, 323, 439]
213 (3)  [53, 174, 256, 315]
214 (3)  [80, 131, 324, 440]
215 (3)  [18, 57, 119, 207]
216 (3)  [76, 319, 422, 449]
217 (3)  [83, 182, 321, 374]
218 (3)  [61, 98, 257, 328, 402]
219 (3)  [79, 80, 188, 302, 431]
220 (3)  [83, 92, 103, 196, 462]
221 (3)  [83, 110, 126, 367, 459]
222 (3)  [78, 273, 295, 339, 462]
223 (4)  [79, 267, 304, 387, 450]
224 (3)  [13, 65, 193, 395, 408]
225 (3)  [41, 149, 304, 377, 405]
226 (3)  [50, 102, 188, 246, 457]
227 (3)  [53, 278, 429, 451, 460]
228 (3)  [35, 70, 280, 283, 292]
229 (3)  [83, 351, 386, 406, 435]
230 (3)  [84, 266, 277, 397, 403]
231 (3)  [51, 200, 342, 350, 371]
232 (3)  [12, 69, 336, 374, 428]
233 (3)  [44, 73, 105, 265, 398]
234 (4)  [21, 71, 270, 316, 317]
235 (3)  [81, 267, 381, 390, 404]
236 (3)  [63, 266, 306, 311, 334]
237 (3)  [71, 74, 133, 420, 422]
238 (3)  [55, 168, 311, 318, 319]
239 (3)  [80, 148, 271, 297, 408, 414]
240 (3)  [35, 84, 191, 252, 317, 378]
241 (3)  [82, 85, 201, 253, 382, 413]
242 (3)  [78, 261, 355, 389, 447, 457]
243 (3)  [11, 124, 262, 285, 340, 453]
244 (3)  [69, 80, 324, 358, 412, 450]
245 (3)  [81, 128, 179, 310, 401, 453]
246 (4)  [83, 162, 226, 247, 375, 424]
247 (3)  [22, 40, 91, 246, 260, 394]
248 (3)  [75, 259, 270, 276, 307, 332, 390]
249 (4)  [72, 194, 265, 431, 440, 442, 459]
250 (3)  [77, 88, 344, 364, 418, 445, 454]
251 (3)  [57, 185, 254, 257, 291, 294, 347]
252 (3)  [52, 240, 299, 328, 362, 366, 428, 444]
253 (3)  [59, 87, 241, 266, 267, 343, 349, 415]
254 (3)  [67, 189, 251, 258, 313, 316, 438, 445]
255 (4)  [24, 151, 193, 265, 269, 282, 302, 386]
256 (3)  [78, 84, 208, 213, 322, 381, 387, 437]
257 (3)  [84, 95, 108, 153, 218, 251, 362, 391, 417]
258 (3)  [71, 81, 169, 254, 326, 364, 367, 372, 460, 462]
259 (3)  [7, 74, 84, 248, 267, 285, 296, 345, 427, 449]
260 (3)  [8, 81, 247, 262, 267, 275, 297, 368, 392, 456]
261 (3)  [50, 73, 81, 83, 150, 160, 163, 242, 300, 325, 330]
262 (3)  [83, 89, 189, 190, 243, 260, 287, 375, 407, 409, 423, 427]
263 (3)  [78, 96, 100, 111, 145, 152, 265, 272, 301, 383, 411, 439]
264 (3)  [64, 81, 93, 157, 170, 202, 354, 362, 363, 370, 380, 424]
265 (3)  [9, 90, 198, 233, 249, 255, 263, 269, 366, 370, 406, 446, 459]
266 (3)  [10, 45, 85, 230, 236, 253, 282, 308, 314, 327, 358, 376, 441, 456]
267 (3)  [85, 155, 164, 223, 235, 253, 259, 260, 270, 290, 369, 373, 411, 452, 455]
268 (3)  [46, 48, 55, 80, 212, 274, 288, 312, 333, 348, 377, 430, 448, 459, 461]
269 (3)  [32, 147, 255, 265, 279, 284, 308, 365, 368, 379, 393, 408, 430, 434, 462]
270 (3)  [23, 144, 197, 211, 234, 248, 267, 329, 337, 361, 403, 432, 436, 441, 444, 446]
271 (5)  [239, 434]
272 (5)  [263, 462]
273 (5)  [222, 453]
274 (5)  [268, 428]
275 (5)  [260, 447]
276 (5)  [248, 365]
277 (5)  [230, 455]
278 (5)  [153, 227]
279 (5)  [269, 445]
280 (5)  [150, 228]
281 (5)  [201, 436]
282 (5)  [255, 266]
283 (5)  [228, 449]
284 (5)  [269, 370]
285 (4)  [243, 259]
286 (5)  [195, 441]
287 (4)  [199, 262]
288 (4)  [210, 268]
289 (5)  [204, 436]
290 (5)  [267, 433]
291 (4)  [146, 251]
292 (4)  [192, 228]
293 (5)  [156, 431]
294 (5)  [251, 461]
295 (5)  [222, 435]
296 (4)  [166, 259]
297 (4)  [239, 260]
298 (5)  [162, 366]
299 (5)  [252, 361]
300 (5)  [261, 416]
301 (5)  [263, 462]
302 (5)  [219, 255]
303 (5)  [175, 194]
304 (5)  [223, 225]
305 (5)  [167, 435]
306 (5)  [236, 457]
307 (4)  [201, 248]
308 (4)  [266, 269]
309 (5)  [158, 405]
310 (4)  [192, 245]
311 (4)  [236, 238]
312 (5)  [268, 376]
313 (5)  [254, 379]
314 (5)  [266, 419]
315 (4)  [213, 492]
316 (5)  [234, 254]
317 (5)  [234, 240]
318 (5)  [160, 238]
319 (4)  [216, 238]
320 (5)  [207, 451]
321 (5)  [217, 389]
322 (5)  [256, 457]
323 (5)  [212, 457]
324 (4)  [214, 244]
325 (4)  [181, 261]
326 (5)  [258, 420]
327 (5)  [266, 456]
328 (4)  [218, 252]
329 (5)  [270, 408]
330 (4)  [177, 261]
331 (5)  [203, 454]
332 (5)  [248, 424]
333 (4)  [268, 491]
334 (4)  [236, 494]
335 (5)  [154, 211]
336 (5)  [232, 434]
337 (5)  [270, 426]
338 (5)  [183, 369]
339 (5)  [222, 415]
340 (5)  [243, 443]
341 (4)  [187, 209]
342 (5)  [174, 231]
343 (4)  [253, 498]
344 (5)  [250, 404]
345 (5)  [259, 396]
346 (5)  [165, 451]
347 (5)  [251, 364]
348 (5)  [268, 432]
349 (4)  [253, 496]
350 (5)  [231, 455]
351 (5)  [229, 457]
352 (5)  [178, 426]
353 (5)  [159, 419]
354 (5)  [264, 402]
355 (5)  [185, 242]
356 (5)  [180, 186]
357 (5)  [198, 401]
358 (4)  [244, 266]
359 (5)  [203, 462]
360 (5)  [161, 200]
361 (4)  [190, 270, 299]
362 (4)  [252, 257, 264]
363 (5)  [190, 264, 412]
364 (4)  [250, 258, 347]
365 (4)  [269, 276, 412]
366 (4)  [252, 265, 298]
367 (4)  [171, 221, 258]
368 (4)  [260, 269, 476]
369 (4)  [267, 338, 405]
370 (4)  [264, 265, 284]
371 (5)  [231, 460, 474]
372 (5)  [104, 258, 462]
373 (5)  [267, 394, 454]
374 (5)  [217, 232, 462]
375 (5)  [246, 262, 469]
376 (4)  [209, 266, 312]
377 (4)  [225, 268, 480]
378 (4)  [187, 240, 492]
379 (4)  [269, 313, 461]
380 (5)  [264, 462, 465]
381 (4)  [235, 256, 486]
382 (5)  [188, 241, 494]
383 (5)  [263, 441, 495]
384 (5)  [135, 194, 438]
385 (5)  [176, 205, 405]
386 (5)  [179, 229, 255]
387 (5)  [223, 256, 480]
388 (5)  [183, 433, 451]
389 (4)  [242, 321, 444]
390 (4)  [141, 235, 248]
391 (5)  [257, 421, 459]
392 (5)  [260, 437, 484]
393 (5)  [269, 445, 489]
394 (4)  [247, 373, 479]
395 (5)  [197, 224, 475]
396 (4)  [206, 345, 462]
397 (5)  [230, 421, 426]
398 (5)  [142, 233, 457]
399 (5)  [173, 404, 452]
400 (5)  [130, 428, 441]
401 (4)  [245, 357, 425]
402 (4)  [218, 354, 411]
403 (4)  [230, 270, 488]
404 (4)  [235, 344, 399]
405 (4)  [225, 309, 369, 385]
406 (5)  [229, 265, 429, 444]
407 (5)  [164, 262, 429, 452]
408 (4)  [224, 239, 269, 329]
409 (4)  [262, 464, 491, 497]
410 (5)  [167, 431, 460, 482]
411 (5)  [263, 267, 402, 498]
412 (5)  [203, 244, 363, 365]
413 (4)  [241, 447, 470, 493]
414 (5)  [165, 168, 239, 429]
415 (4)  [253, 339, 467, 497]
416 (4)  [112, 300, 438, 446]
417 (4)  [257, 447, 451, 489]
418 (5)  [137, 250, 427, 490]
419 (4)  [210, 314, 353, 455]
420 (4)  [237, 326, 442, 486]
421 (5)  [139, 391, 397, 448]
422 (4)  [216, 237, 425, 475]
423 (4)  [182, 262, 488, 495]
424 (4)  [127, 246, 264, 332]
425 (5)  [140, 193, 401, 422]
426 (4)  [172, 337, 352, 397]
427 (4)  [259, 262, 418, 461, 467]
428 (4)  [232, 252, 274, 400, 468]
429 (4)  [227, 406, 407, 414, 466]
430 (5)  [268, 269, 432, 435, 497]
431 (4)  [219, 249, 293, 410, 483]
432 (4)  [161, 270, 348, 430, 464]
433 (4)  [147, 206, 290, 388, 458]
434 (4)  [129, 269, 271, 336, 481]
435 (4)  [229, 295, 305, 430, 490]
436 (4)  [270, 281, 289, 458, 471]
437 (4)  [256, 392, 440, 455, 473]
438 (4)  [254, 384, 416, 453, 477]
439 (5)  [123, 212, 263, 459, 472]
440 (5)  [214, 249, 437, 470, 471]
441 (4)  [266, 270, 286, 383, 400]
442 (4)  [205, 249, 420, 469, 474]
443 (4)  [138, 340, 456, 460, 487]
444 (5)  [252, 270, 389, 406, 473, 481]
445 (4)  [250, 254, 279, 393, 458, 461]
446 (5)  [134, 265, 270, 416, 448, 458]
447 (4)  [242, 275, 413, 417, 458, 482]
448 (4)  [158, 268, 421, 446, 455, 478]
449 (4)  [216, 259, 283, 461, 487, 496]
450 (5)  [178, 184, 223, 244, 477, 485]
451 (4)  [227, 320, 346, 388, 417, 479]
452 (4)  [267, 399, 407, 484, 485, 494]
453 (4)  [204, 243, 245, 273, 438, 468, 492]
454 (4)  [195, 200, 250, 331, 373, 465, 483]
455 (4)  [154, 267, 277, 350, 419, 437, 448]
456 (4)  [101, 132, 204, 260, 266, 327, 443]
457 (4)  [226, 242, 306, 322, 323, 351, 398]
458 (5)  [86, 136, 433, 436, 445, 446, 447, 466]
459 (4)  [115, 221, 249, 265, 268, 391, 439, 463, 476]
460 (4)  [181, 227, 258, 371, 410, 443, 462, 497, 498]
461 (4)  [118, 172, 207, 268, 294, 379, 427, 445, 449, 472]
462 (4)  [146, 187, 192, 199, 220, 222, 258, 269, 272, 301, 359, 372, 374, 380, 396, 460, 478]
463 (5)  [459]
464 (5)  [409, 432]
465 (6)  [380, 454]
466 (6)  [429, 458]
467 (5)  [415, 427]
468 (5)  [428, 453]
469 (6)  [375, 442]
470 (6)  [413, 440]
471 (6)  [436, 440]
472 (6)  [439, 461]
473 (6)  [437, 444]
474 (6)  [371, 442]
475 (6)  [395, 422]
476 (5)  [368, 459]
477 (6)  [438, 450]
478 (5)  [448, 462]
479 (5)  [394, 451]
480 (6)  [377, 387]
481 (6)  [434, 444]
482 (6)  [410, 447]
483 (5)  [431, 454]
484 (6)  [392, 452]
485 (6)  [450, 452]
486 (5)  [381, 420]
487 (5)  [443, 449]
488 (5)  [403, 423]
489 (6)  [393, 417]
490 (6)  [418, 435]
491 (6)  [333, 409, 498]
492 (5)  [315, 378, 453]
493 (5)  [413, 499, 500]
494 (6)  [334, 382, 452]
495 (6)  [383, 423, 496]
496 (5)  [349, 449, 495]
497 (6)  [409, 415, 430, 460]
498 (5)  [343, 411, 460, 491]
499 (7)  [493, 500]
500 (6)  [493, 499]
