ER Model
Parameters:
- p:0.1

 Size : 100
 Size of core : 8
 % of P2P links : 0,31
 % of nodes in level 1 : 7
 % of nodes in level 2 : 17
 % of nodes in level 3 : 51
 % of nodes in level 4 : 25
 % of nodes in level 5 : 0
 Degree of level 1 : 15,86
 Degree of level 2 : 12,88
 Degree of level 3 : 9,57
 Degree of level 4 : 9,52
 Degree of level 5 : 0

1 (1)  [2, 3, 4, 6, 12, 23, 35, 37, 39, 42, 45, 50, 64]
2 (1)  [1, 5, 6, 8, 19, 20, 30, 31, 40, 48, 57, 62, 75]
3 (1)  [1, 4, 6, 8, 14, 16, 17, 27, 33, 34, 52, 63, 70, 73]
4 (1)  [1, 3, 5, 7, 10, 11, 13, 16, 33, 45, 56, 63, 71, 73]
5 (1)  [2, 4, 7, 18, 24, 30, 34, 38, 44, 50, 51, 53, 59, 64, 68, 72, 73]
6 (1)  [1, 2, 3, 8, 9, 15, 37, 39, 42, 47, 49, 59, 60, 65, 67, 68, 71, 73]
7 (1)  [4, 5, 8, 21, 22, 25, 26, 28, 35, 36, 43, 44, 45, 46, 51, 55, 63, 66, 67, 69, 70, 74]
8 (3)  [6, 31, 36, 50, 99]
9 (3)  [6, 51, 58, 74, 85]
10 (3)  [4, 23, 46, 64, 76, 91]
11 (3)  [4, 12, 37, 81, 90, 91]
12 (3)  [1, 11, 34, 74, 75, 85, 95]
13 (3)  [4, 34, 40, 51, 55, 62, 99]
14 (3)  [3, 68, 71, 74, 85, 94, 99]
15 (3)  [6, 21, 28, 40, 56, 72, 91]
16 (3)  [3, 4, 54, 61, 75, 86, 94]
17 (3)  [3, 8, 36, 51, 62, 71, 86]
18 (3)  [5, 8, 42, 46, 57, 65, 69, 99]
19 (3)  [2, 28, 53, 61, 67, 73, 91, 96]
20 (3)  [2, 25, 28, 43, 59, 89, 95, 100]
21 (3)  [7, 15, 42, 45, 52, 60, 63, 100]
22 (3)  [7, 8, 25, 38, 49, 58, 65, 98]
23 (3)  [1, 10, 32, 33, 39, 62, 68, 95]
24 (3)  [5, 8, 26, 43, 63, 69, 86, 92]
25 (3)  [7, 20, 22, 37, 64, 65, 78, 99]
26 (3)  [7, 8, 24, 41, 58, 61, 85, 87, 95]
27 (3)  [3, 49, 60, 67, 68, 70, 72, 74, 75]
28 (3)  [7, 15, 19, 20, 42, 44, 89, 93, 98]
29 (3)  [8, 33, 38, 51, 52, 55, 57, 78, 88]
30 (3)  [2, 5, 8, 38, 41, 43, 48, 64, 99]
31 (3)  [2, 8, 32, 53, 73, 79, 84, 92, 97]
32 (3)  [8, 23, 31, 37, 47, 62, 71, 72, 74]
33 (3)  [3, 4, 23, 29, 44, 48, 66, 77, 83, 99]
34 (3)  [3, 5, 12, 13, 40, 61, 67, 69, 83, 88]
35 (3)  [1, 7, 38, 39, 50, 53, 82, 88, 93, 99]
36 (3)  [7, 8, 17, 37, 46, 50, 59, 95, 96, 97]
37 (2)  [1, 6, 8, 11, 25, 32, 36, 38, 67, 96]
38 (3)  [5, 22, 29, 30, 35, 37, 54, 55, 75, 95]
39 (3)  [1, 6, 23, 35, 53, 54, 55, 75, 93, 96]
40 (3)  [2, 13, 15, 34, 43, 69, 71, 85, 96, 100]
41 (3)  [8, 26, 30, 44, 47, 53, 59, 72, 82, 85]
42 (3)  [1, 6, 8, 18, 21, 28, 43, 49, 65, 74, 75]
43 (3)  [7, 20, 24, 30, 40, 42, 49, 51, 58, 93, 99]
44 (2)  [5, 7, 28, 33, 41, 52, 61, 63, 66, 81, 97]
45 (3)  [1, 4, 7, 21, 59, 68, 76, 84, 87, 94, 100]
46 (3)  [7, 10, 18, 36, 49, 73, 80, 82, 92, 95, 97]
47 (3)  [6, 8, 32, 41, 56, 59, 60, 75, 80, 86, 94]
48 (3)  [2, 30, 33, 54, 61, 62, 73, 84, 95, 97, 100]
49 (3)  [6, 22, 27, 42, 43, 46, 50, 70, 87, 94, 95]
50 (2)  [1, 5, 8, 35, 36, 49, 64, 66, 71, 72, 88]
51 (3)  [5, 7, 9, 13, 17, 29, 43, 65, 74, 84, 87]
52 (3)  [3, 21, 29, 44, 57, 70, 82, 94, 96, 97, 99]
53 (3)  [5, 8, 19, 31, 35, 39, 41, 61, 66, 70, 88, 89]
54 (2)  [8, 16, 38, 39, 48, 59, 68, 69, 71, 80, 81, 85]
55 (3)  [7, 13, 29, 38, 39, 62, 64, 68, 71, 87, 89, 93]
56 (3)  [4, 8, 15, 47, 58, 59, 60, 66, 71, 73, 81, 83]
57 (2)  [2, 8, 18, 29, 52, 58, 63, 64, 70, 72, 88, 100]
58 (2)  [8, 9, 22, 26, 43, 56, 57, 65, 79, 87, 91, 96]
59 (2)  [5, 6, 20, 36, 41, 45, 47, 54, 56, 81, 83, 92]
60 (3)  [6, 21, 27, 47, 56, 70, 72, 74, 75, 93, 97, 100]
61 (3)  [8, 16, 19, 26, 34, 44, 48, 53, 62, 74, 89, 91]
62 (2)  [2, 13, 17, 23, 32, 48, 55, 61, 71, 87, 92, 98]
63 (2)  [3, 4, 7, 21, 24, 44, 57, 66, 75, 90, 98, 100]
64 (2)  [1, 5, 10, 25, 30, 50, 55, 57, 65, 66, 74, 77, 93]
65 (3)  [6, 18, 22, 25, 42, 51, 58, 64, 70, 75, 77, 82, 99]
66 (3)  [7, 33, 44, 50, 53, 56, 63, 64, 75, 79, 81, 84, 93, 98]
67 (2)  [6, 7, 8, 19, 27, 34, 37, 71, 72, 76, 80, 84, 93, 96]
68 (2)  [5, 6, 14, 23, 27, 45, 54, 55, 80, 90, 92, 97, 98, 99]
69 (3)  [7, 18, 24, 34, 40, 54, 73, 74, 79, 86, 89, 96, 97, 98]
70 (2)  [3, 7, 27, 49, 52, 53, 57, 60, 65, 75, 77, 89, 90, 95]
71 (2)  [4, 6, 8, 14, 17, 32, 40, 50, 54, 55, 56, 62, 67, 98]
72 (2)  [5, 15, 27, 32, 41, 50, 57, 60, 67, 74, 75, 78, 84, 93]
73 (2)  [3, 4, 5, 6, 19, 31, 46, 48, 56, 69, 78, 82, 83, 86, 92, 100]
74 (2)  [7, 9, 12, 14, 27, 32, 42, 51, 60, 61, 64, 69, 72, 80, 90, 94]
75 (3)  [2, 8, 12, 16, 27, 38, 39, 42, 47, 60, 63, 65, 66, 70, 72, 86, 98]
76 (4)  [10, 45, 67, 95, 97, 100]
77 (4)  [33, 64, 65, 70, 98, 100]
78 (4)  [25, 29, 72, 73, 82, 90, 96]
79 (4)  [31, 58, 66, 69, 88, 92, 98]
80 (4)  [46, 47, 54, 67, 68, 74, 93]
81 (4)  [11, 44, 54, 56, 59, 66, 90, 91]
82 (4)  [35, 41, 46, 52, 65, 73, 78, 89]
83 (4)  [33, 34, 56, 59, 73, 89, 91, 97]
84 (4)  [31, 45, 48, 51, 66, 67, 72, 88]
85 (4)  [9, 12, 14, 26, 40, 41, 54, 86, 97]
86 (4)  [16, 17, 24, 47, 69, 73, 75, 85, 92]
87 (4)  [26, 45, 49, 51, 55, 58, 62, 96, 100]
88 (4)  [29, 34, 35, 50, 53, 57, 79, 84, 94, 100]
89 (4)  [20, 28, 53, 55, 61, 69, 70, 82, 83, 90]
90 (4)  [11, 63, 68, 70, 74, 78, 81, 89, 92, 94]
91 (4)  [10, 11, 15, 19, 58, 61, 81, 83, 94, 98]
92 (4)  [24, 31, 46, 59, 62, 68, 73, 79, 86, 90, 95]
93 (4)  [28, 35, 39, 43, 55, 60, 64, 66, 67, 72, 80]
94 (4)  [14, 16, 45, 47, 49, 52, 74, 88, 90, 91, 96]
95 (4)  [12, 20, 23, 26, 36, 38, 46, 48, 49, 70, 76, 92]
96 (4)  [19, 36, 37, 39, 40, 52, 58, 67, 69, 78, 87, 94]
97 (4)  [31, 36, 44, 46, 48, 52, 60, 68, 69, 76, 83, 85]
98 (4)  [22, 28, 62, 63, 66, 68, 69, 71, 75, 77, 79, 91]
99 (4)  [8, 13, 14, 18, 25, 30, 33, 35, 43, 52, 65, 68]
100 (4)  [20, 21, 40, 45, 48, 57, 60, 63, 73, 76, 77, 87, 88]
