ER Model
Parameters:
- p:0.1

 Size : 250
 Size of core : 7
 % of P2P links : 0,38
 % of nodes in level 1 : 2,4
 % of nodes in level 2 : 9,6
 % of nodes in level 3 : 50,4
 % of nodes in level 4 : 37,6
 % of nodes in level 5 : 0
 Degree of level 1 : 33,5
 Degree of level 2 : 30,08
 Degree of level 3 : 23,87
 Degree of level 4 : 23,59
 Degree of level 5 : 0

1 (1)  [2, 6, 14, 19, 26, 30, 41, 43, 49, 51, 54, 61, 63, 73, 75, 81, 82, 85, 87, 93, 97, 102, 105, 110, 123, 134, 142, 150, 152, 152, 155]
2 (1)  [1, 6, 13, 20, 23, 24, 29, 37, 44, 53, 70, 71, 73, 74, 79, 85, 86, 87, 92, 96, 98, 108, 124, 125, 128, 135, 139, 141, 143, 147, 152]
3 (1)  [5, 6, 11, 15, 22, 24, 25, 32, 33, 34, 37, 51, 52, 53, 54, 60, 64, 71, 84, 91, 103, 109, 113, 114, 116, 118, 128, 130, 139, 140, 151, 152, 153]
4 (1)  [6, 19, 21, 27, 40, 42, 47, 51, 56, 57, 65, 69, 70, 72, 76, 77, 79, 89, 95, 99, 100, 106, 107, 109, 110, 115, 117, 119, 131, 136, 138, 141, 145, 147, 148]
5 (1)  [3, 17, 27, 33, 39, 46, 47, 58, 67, 72, 73, 78, 83, 88, 94, 97, 101, 102, 114, 118, 120, 122, 124, 127, 131, 132, 133, 135, 137, 138, 140, 144, 150, 152, 154]
6 (1)  [1, 2, 3, 4, 7, 8, 9, 12, 14, 18, 31, 34, 35, 36, 37, 45, 50, 51, 59, 60, 62, 64, 65, 80, 90, 94, 119, 121, 126, 127, 129, 139, 144, 145, 146, 149]
7 (3)  [6, 8, 10, 12, 28, 47, 92, 96, 100, 110, 112, 127, 152, 155, 171, 215, 237]
8 (3)  [6, 7, 19, 28, 47, 48, 56, 124, 140, 160, 171, 177, 196, 210, 219, 226, 239]
9 (3)  [6, 50, 58, 73, 103, 127, 129, 148, 155, 162, 166, 169, 185, 198, 228, 229, 234, 238]
10 (3)  [7, 23, 32, 33, 37, 49, 64, 75, 110, 117, 121, 129, 152, 161, 175, 208, 235, 249]
11 (3)  [3, 31, 49, 62, 66, 68, 71, 77, 94, 95, 155, 179, 187, 191, 197, 210, 218, 236]
12 (3)  [6, 7, 24, 44, 50, 65, 107, 114, 117, 153, 168, 170, 190, 193, 211, 226, 237, 249]
13 (3)  [2, 28, 35, 42, 44, 51, 74, 100, 129, 142, 154, 160, 161, 177, 233, 240, 248, 249]
14 (3)  [1, 6, 21, 36, 56, 57, 58, 61, 78, 87, 89, 96, 115, 133, 138, 156, 211, 227, 230]
15 (3)  [3, 34, 44, 55, 76, 78, 89, 103, 106, 111, 124, 126, 137, 141, 166, 201, 208, 214, 236]
16 (3)  [53, 55, 72, 96, 99, 111, 131, 134, 142, 152, 177, 191, 207, 217, 220, 232, 240, 241, 247]
17 (3)  [5, 71, 92, 94, 104, 129, 135, 141, 146, 148, 163, 186, 200, 210, 215, 224, 232, 238, 246]
18 (3)  [6, 41, 75, 85, 91, 122, 123, 134, 138, 152, 159, 168, 189, 202, 221, 230, 234, 237, 248, 249]
19 (3)  [1, 4, 8, 60, 82, 106, 110, 114, 115, 122, 145, 161, 162, 179, 181, 206, 212, 218, 229, 230]
20 (3)  [2, 38, 54, 55, 65, 80, 104, 106, 112, 127, 144, 164, 170, 181, 188, 209, 215, 218, 244, 246]
21 (3)  [4, 14, 32, 40, 42, 45, 68, 71, 76, 89, 91, 94, 101, 109, 112, 118, 123, 188, 224, 249]
22 (3)  [3, 26, 27, 62, 66, 73, 75, 79, 124, 147, 151, 154, 156, 170, 176, 188, 189, 202, 215, 227]
23 (3)  [2, 10, 25, 39, 44, 46, 49, 55, 97, 128, 146, 154, 194, 199, 214, 215, 217, 228, 243, 244]
24 (3)  [2, 3, 12, 40, 45, 56, 59, 64, 90, 126, 149, 154, 165, 178, 188, 214, 237, 238, 239, 242]
25 (3)  [3, 23, 32, 43, 44, 51, 68, 85, 131, 149, 151, 162, 169, 177, 180, 182, 186, 200, 209, 232]
26 (3)  [1, 22, 62, 68, 80, 94, 105, 142, 148, 168, 177, 200, 208, 218, 222, 224, 228, 230, 238, 244, 249]
27 (3)  [4, 5, 22, 54, 72, 75, 76, 85, 92, 113, 124, 129, 133, 137, 169, 181, 183, 220, 228, 241, 248]
28 (3)  [7, 8, 13, 48, 72, 85, 104, 124, 128, 152, 167, 180, 184, 189, 201, 202, 218, 226, 228, 241, 243]
29 (3)  [2, 30, 48, 87, 94, 106, 108, 109, 132, 142, 145, 152, 153, 155, 164, 170, 174, 175, 215, 220, 244]
30 (3)  [1, 29, 62, 71, 74, 78, 93, 102, 103, 105, 116, 128, 133, 140, 142, 152, 175, 177, 207, 234, 248]
31 (3)  [6, 11, 33, 37, 42, 47, 52, 59, 82, 92, 95, 96, 99, 117, 131, 149, 161, 179, 181, 186, 239]
32 (3)  [3, 10, 21, 25, 36, 48, 60, 62, 119, 135, 138, 141, 148, 156, 175, 184, 187, 204, 219, 236, 241]
33 (3)  [3, 5, 10, 31, 35, 52, 55, 61, 69, 76, 77, 105, 127, 152, 192, 197, 203, 221, 238, 243, 247]
34 (3)  [3, 6, 15, 40, 50, 58, 60, 61, 69, 129, 136, 165, 167, 199, 205, 209, 212, 231, 234, 239, 240]
35 (3)  [6, 13, 33, 58, 98, 103, 110, 125, 128, 135, 146, 151, 169, 181, 203, 207, 229, 233, 237, 247, 249]
36 (3)  [6, 14, 32, 41, 56, 60, 68, 70, 73, 87, 98, 111, 119, 126, 139, 151, 156, 171, 225, 238, 243]
37 (3)  [2, 3, 6, 10, 31, 58, 61, 86, 88, 98, 99, 104, 109, 121, 125, 166, 197, 203, 218, 246, 249]
38 (3)  [20, 41, 45, 55, 58, 59, 69, 90, 101, 113, 121, 134, 152, 164, 176, 186, 187, 190, 204, 226, 242, 243]
39 (3)  [5, 23, 44, 46, 60, 85, 95, 102, 107, 113, 118, 142, 182, 187, 198, 207, 210, 223, 228, 239, 241, 248]
40 (3)  [4, 21, 24, 34, 68, 70, 77, 81, 83, 118, 182, 194, 196, 207, 209, 211, 224, 228, 230, 235, 240, 241]
41 (3)  [1, 18, 36, 38, 51, 52, 60, 70, 74, 86, 103, 112, 123, 149, 196, 199, 223, 225, 241, 244, 249, 250]
42 (3)  [4, 13, 21, 31, 77, 80, 83, 111, 114, 136, 151, 160, 176, 191, 195, 199, 205, 212, 214, 232, 239, 243]
43 (3)  [1, 25, 51, 59, 78, 89, 104, 108, 110, 132, 143, 144, 149, 152, 159, 190, 205, 207, 221, 232, 245, 250]
44 (3)  [2, 12, 13, 15, 23, 25, 39, 52, 57, 60, 65, 67, 86, 105, 106, 188, 200, 214, 218, 219, 240, 243]
45 (3)  [6, 21, 24, 38, 65, 75, 84, 100, 105, 106, 111, 127, 144, 152, 166, 193, 196, 208, 211, 212, 226, 233]
46 (3)  [5, 23, 39, 52, 86, 95, 133, 136, 137, 146, 147, 168, 195, 196, 203, 211, 215, 222, 236, 243, 244, 247]
47 (3)  [4, 5, 7, 8, 31, 50, 53, 60, 62, 68, 70, 80, 82, 84, 111, 134, 148, 151, 174, 204, 205, 217]
48 (3)  [8, 28, 29, 32, 60, 71, 78, 97, 103, 112, 143, 151, 152, 156, 157, 160, 174, 194, 198, 223, 226, 234, 236]
49 (3)  [1, 10, 11, 23, 64, 69, 83, 93, 97, 103, 115, 131, 140, 145, 150, 151, 156, 171, 200, 201, 203, 210, 240]
50 (3)  [6, 9, 12, 34, 47, 59, 86, 98, 102, 111, 112, 126, 130, 133, 155, 160, 179, 181, 187, 211, 227, 229, 250]
51 (3)  [1, 3, 4, 6, 13, 25, 41, 43, 79, 83, 86, 96, 98, 145, 156, 163, 171, 188, 199, 218, 242, 244, 246]
52 (3)  [3, 31, 33, 41, 44, 46, 53, 54, 57, 74, 98, 107, 111, 124, 144, 155, 190, 193, 204, 208, 229, 232, 244]
53 (3)  [2, 3, 16, 47, 52, 65, 79, 80, 81, 104, 108, 118, 127, 132, 133, 149, 214, 217, 222, 224, 231, 247, 248]
54 (3)  [1, 3, 20, 27, 52, 69, 72, 104, 105, 119, 120, 125, 143, 156, 172, 179, 180, 204, 208, 216, 223, 236, 249]
55 (3)  [15, 16, 20, 23, 33, 38, 56, 71, 87, 105, 108, 122, 126, 140, 141, 142, 152, 156, 162, 186, 187, 210, 244]
56 (3)  [4, 8, 14, 24, 36, 55, 112, 127, 128, 135, 143, 149, 172, 189, 191, 204, 208, 223, 225, 227, 233, 238, 247]
57 (3)  [4, 14, 44, 52, 89, 101, 108, 114, 116, 136, 138, 143, 145, 147, 150, 152, 154, 171, 183, 189, 215, 216, 245]
58 (3)  [5, 9, 14, 34, 35, 37, 38, 64, 84, 95, 96, 107, 112, 113, 122, 131, 141, 142, 152, 191, 194, 228, 235]
59 (3)  [6, 24, 31, 38, 43, 50, 80, 89, 119, 143, 153, 156, 162, 165, 184, 214, 220, 222, 234, 239, 242, 244, 250]
60 (3)  [3, 6, 19, 32, 34, 36, 39, 41, 44, 47, 48, 80, 89, 108, 110, 120, 141, 146, 163, 207, 223, 238, 249]
61 (3)  [1, 14, 33, 34, 37, 63, 84, 97, 103, 135, 152, 156, 175, 183, 203, 214, 216, 219, 222, 229, 234, 241, 247, 248]
62 (3)  [6, 11, 22, 26, 30, 32, 47, 75, 80, 103, 119, 130, 151, 152, 161, 170, 189, 191, 201, 214, 238, 244, 246, 249]
63 (3)  [1, 61, 67, 74, 84, 90, 104, 105, 107, 111, 125, 129, 144, 152, 152, 173, 175, 184, 198, 219, 220, 221, 238, 250]
64 (3)  [3, 6, 10, 24, 49, 58, 68, 99, 105, 110, 116, 122, 125, 133, 137, 164, 200, 201, 211, 215, 221, 229, 231, 247]
65 (3)  [4, 6, 12, 20, 44, 45, 53, 99, 101, 102, 125, 130, 131, 133, 136, 137, 140, 154, 157, 173, 177, 184, 207, 231]
66 (3)  [11, 22, 78, 79, 90, 91, 105, 120, 124, 126, 130, 136, 141, 148, 152, 173, 193, 222, 225, 243, 244, 247, 248, 250]
67 (3)  [5, 44, 63, 69, 94, 130, 131, 144, 146, 152, 156, 173, 177, 179, 181, 182, 185, 186, 188, 193, 202, 220, 223, 245]
68 (3)  [11, 21, 25, 26, 36, 40, 47, 64, 88, 114, 116, 118, 133, 143, 146, 152, 181, 209, 229, 233, 234, 237, 247, 249]
69 (3)  [4, 33, 34, 38, 49, 54, 67, 80, 121, 123, 131, 133, 141, 154, 160, 169, 172, 173, 188, 189, 193, 198, 203, 232]
70 (3)  [2, 4, 36, 40, 41, 47, 83, 90, 93, 114, 126, 137, 148, 151, 152, 152, 174, 195, 211, 216, 230, 234, 235, 243]
71 (3)  [2, 3, 11, 17, 21, 30, 48, 55, 84, 107, 109, 119, 122, 141, 151, 191, 198, 202, 209, 221, 226, 241, 245, 248]
72 (3)  [4, 5, 16, 27, 28, 54, 73, 84, 85, 93, 110, 139, 140, 143, 152, 163, 169, 173, 177, 198, 211, 217, 232, 233]
73 (3)  [1, 2, 5, 9, 22, 36, 72, 77, 83, 85, 96, 116, 124, 129, 137, 140, 182, 187, 206, 210, 214, 225, 226, 248]
74 (3)  [2, 13, 30, 41, 52, 63, 81, 99, 111, 120, 127, 129, 137, 147, 152, 156, 158, 164, 168, 193, 212, 230, 249, 250]
75 (3)  [1, 10, 18, 22, 27, 45, 62, 76, 88, 100, 102, 111, 116, 117, 138, 145, 146, 149, 154, 173, 192, 212, 242, 245]
76 (3)  [4, 15, 21, 27, 33, 75, 86, 88, 94, 96, 101, 105, 119, 126, 134, 152, 188, 194, 196, 201, 223, 235, 242, 246]
77 (3)  [4, 11, 33, 40, 42, 73, 79, 85, 88, 95, 102, 117, 148, 150, 170, 172, 179, 187, 188, 198, 200, 221, 246, 247]
78 (3)  [5, 14, 15, 30, 43, 48, 66, 79, 84, 108, 111, 119, 146, 162, 168, 170, 175, 190, 197, 227, 230, 236, 244, 246]
79 (3)  [2, 4, 22, 51, 53, 66, 77, 78, 81, 106, 115, 137, 141, 156, 197, 202, 205, 210, 213, 219, 223, 229, 241, 247]
80 (3)  [6, 20, 26, 42, 47, 53, 59, 60, 62, 69, 95, 100, 119, 135, 141, 151, 175, 176, 180, 187, 190, 199, 217, 219]
81 (3)  [1, 40, 53, 74, 79, 88, 99, 102, 106, 111, 135, 137, 150, 162, 191, 201, 204, 211, 214, 216, 217, 220, 228, 250]
82 (3)  [1, 19, 31, 47, 94, 95, 121, 131, 144, 152, 152, 171, 173, 186, 196, 197, 206, 212, 215, 217, 220, 221, 222, 237, 240]
83 (3)  [5, 40, 42, 49, 51, 70, 73, 96, 103, 104, 110, 122, 123, 130, 131, 149, 160, 168, 202, 216, 238, 240, 241, 242, 248]
84 (3)  [3, 45, 47, 58, 61, 63, 71, 72, 78, 88, 98, 99, 104, 111, 115, 128, 141, 148, 173, 203, 208, 210, 231, 237, 244]
85 (3)  [1, 2, 18, 25, 27, 28, 39, 72, 73, 77, 95, 109, 114, 116, 122, 127, 135, 138, 146, 147, 149, 154, 156, 209, 238]
86 (3)  [2, 37, 41, 44, 46, 50, 51, 76, 92, 93, 105, 111, 122, 137, 148, 152, 162, 169, 170, 171, 183, 196, 202, 231, 234]
87 (3)  [1, 2, 14, 29, 36, 55, 91, 114, 123, 124, 125, 132, 142, 145, 146, 149, 177, 183, 186, 203, 209, 221, 245, 247, 248]
88 (3)  [5, 37, 68, 75, 76, 77, 81, 84, 89, 94, 96, 112, 115, 121, 126, 134, 140, 165, 190, 198, 200, 217, 220, 234, 250]
89 (3)  [4, 14, 15, 21, 43, 57, 59, 60, 88, 100, 106, 110, 131, 136, 143, 146, 149, 165, 167, 192, 201, 222, 227, 239, 244]
90 (3)  [6, 24, 38, 63, 66, 70, 93, 101, 107, 117, 119, 128, 129, 142, 152, 153, 173, 174, 183, 186, 204, 229, 230, 244, 245]
91 (3)  [3, 18, 21, 66, 87, 107, 108, 109, 119, 129, 141, 151, 152, 154, 157, 159, 165, 185, 191, 197, 199, 236, 242, 244, 250]
92 (3)  [2, 7, 17, 27, 31, 86, 93, 98, 100, 110, 116, 125, 131, 142, 151, 152, 155, 157, 188, 194, 205, 209, 211, 222, 241]
93 (3)  [1, 30, 49, 70, 72, 86, 90, 92, 99, 103, 105, 109, 122, 130, 137, 138, 143, 159, 175, 211, 213, 217, 223, 242, 244]
94 (3)  [5, 6, 11, 17, 21, 26, 29, 67, 76, 82, 88, 95, 97, 103, 108, 109, 120, 158, 181, 183, 199, 217, 218, 240, 248]
95 (3)  [4, 11, 31, 39, 46, 58, 77, 80, 82, 85, 94, 100, 127, 139, 141, 155, 165, 184, 194, 204, 208, 218, 231, 240, 241]
96 (3)  [2, 7, 14, 16, 31, 51, 58, 73, 76, 83, 88, 125, 134, 136, 150, 151, 152, 154, 155, 170, 197, 204, 213, 225, 236]
97 (3)  [1, 5, 23, 48, 49, 61, 94, 100, 107, 109, 111, 114, 121, 125, 135, 136, 145, 147, 150, 171, 185, 193, 204, 223, 235]
98 (3)  [2, 35, 36, 37, 50, 51, 52, 84, 92, 99, 126, 130, 132, 140, 144, 148, 166, 185, 201, 212, 218, 228, 231, 237, 246, 247]
99 (3)  [4, 16, 31, 37, 64, 65, 74, 81, 84, 93, 98, 107, 122, 141, 151, 152, 156, 166, 171, 192, 205, 206, 214, 218, 220, 222]
100 (3)  [4, 7, 13, 45, 75, 80, 89, 92, 95, 97, 117, 124, 126, 142, 143, 150, 159, 177, 182, 191, 197, 198, 202, 229, 247, 250]
101 (3)  [5, 21, 38, 57, 65, 76, 90, 107, 108, 121, 126, 132, 137, 172, 176, 185, 188, 189, 190, 193, 194, 200, 205, 230, 232, 249]
102 (3)  [1, 5, 30, 39, 50, 65, 75, 77, 81, 108, 110, 111, 125, 127, 144, 150, 158, 165, 172, 180, 196, 197, 207, 213, 239, 244]
103 (3)  [3, 9, 15, 30, 35, 41, 48, 49, 61, 62, 83, 93, 94, 109, 124, 152, 156, 193, 198, 213, 222, 234, 235, 239, 244, 247]
104 (3)  [17, 20, 28, 37, 43, 53, 54, 63, 83, 84, 111, 119, 135, 152, 153, 156, 181, 189, 206, 220, 232, 238, 240, 242, 244, 248]
105 (3)  [1, 26, 30, 33, 44, 45, 54, 55, 63, 64, 66, 76, 86, 93, 137, 142, 144, 147, 152, 180, 183, 213, 216, 238, 245, 249]
106 (2)  [4, 15, 19, 20, 29, 44, 45, 79, 81, 89, 111, 112, 118, 122, 132, 139, 145, 154, 185, 192, 206, 207, 212, 221, 228, 236, 239]
107 (2)  [4, 12, 39, 52, 58, 63, 71, 90, 91, 97, 99, 101, 112, 113, 121, 148, 150, 154, 179, 185, 189, 193, 194, 237, 243, 244, 250]
108 (3)  [2, 29, 43, 53, 55, 57, 60, 78, 91, 94, 101, 102, 113, 127, 130, 139, 140, 149, 152, 185, 186, 191, 214, 225, 231, 241, 242]
109 (3)  [3, 4, 21, 29, 37, 71, 85, 91, 93, 94, 97, 103, 114, 118, 119, 135, 138, 140, 146, 152, 157, 162, 166, 172, 180, 229, 238]
110 (3)  [1, 4, 7, 10, 19, 35, 43, 60, 64, 72, 83, 89, 92, 102, 133, 140, 145, 150, 152, 165, 174, 204, 221, 226, 234, 241, 250]
111 (3)  [15, 16, 36, 42, 45, 47, 50, 52, 63, 74, 75, 78, 81, 84, 86, 97, 102, 104, 106, 116, 142, 152, 152, 163, 185, 219, 225]
112 (3)  [7, 20, 21, 41, 48, 50, 56, 58, 88, 106, 107, 116, 150, 152, 160, 162, 168, 172, 181, 190, 191, 195, 197, 200, 235, 238, 245]
113 (3)  [3, 27, 38, 39, 58, 107, 108, 116, 120, 136, 142, 145, 154, 171, 175, 178, 184, 195, 199, 205, 212, 218, 219, 230, 231, 243, 249]
114 (3)  [3, 5, 12, 19, 42, 57, 68, 70, 85, 87, 97, 109, 128, 132, 142, 149, 153, 161, 191, 214, 218, 226, 228, 230, 245, 249, 250]
115 (3)  [4, 14, 19, 49, 79, 84, 88, 117, 121, 128, 133, 134, 155, 158, 161, 167, 175, 189, 195, 198, 208, 210, 216, 217, 219, 225, 227]
116 (3)  [3, 30, 57, 64, 68, 73, 75, 85, 92, 111, 112, 113, 117, 134, 139, 146, 147, 155, 159, 165, 171, 195, 200, 208, 239, 242, 243]
117 (3)  [4, 10, 12, 31, 75, 77, 90, 100, 115, 116, 123, 124, 131, 141, 144, 148, 150, 152, 155, 175, 186, 189, 205, 222, 230, 232, 237, 243]
118 (2)  [3, 5, 21, 39, 40, 53, 68, 106, 109, 120, 123, 127, 138, 139, 143, 150, 156, 163, 164, 168, 179, 180, 181, 206, 227, 232, 241, 247]
119 (3)  [4, 6, 32, 36, 54, 59, 62, 71, 76, 78, 80, 90, 91, 104, 109, 132, 150, 198, 202, 205, 211, 212, 228, 229, 231, 232, 233, 235]
120 (2)  [5, 54, 60, 66, 74, 94, 113, 118, 142, 152, 155, 158, 164, 171, 178, 180, 189, 196, 198, 202, 204, 206, 213, 218, 222, 226, 242, 250]
121 (3)  [6, 10, 37, 38, 69, 82, 88, 97, 101, 107, 115, 130, 133, 150, 157, 163, 178, 182, 183, 199, 200, 202, 205, 222, 225, 230, 239, 246]
122 (3)  [5, 18, 19, 55, 58, 64, 71, 83, 85, 86, 93, 99, 106, 126, 127, 133, 138, 142, 147, 151, 200, 203, 206, 212, 215, 223, 241, 246]
123 (3)  [1, 18, 21, 41, 69, 83, 87, 117, 118, 124, 131, 134, 147, 152, 158, 162, 165, 175, 194, 195, 208, 210, 219, 223, 232, 237, 240, 246]
124 (3)  [2, 5, 8, 15, 22, 27, 28, 52, 66, 73, 87, 100, 103, 117, 123, 133, 137, 145, 158, 177, 197, 205, 212, 219, 222, 223, 242, 249]
125 (2)  [2, 35, 37, 54, 63, 64, 65, 87, 92, 96, 97, 102, 127, 131, 147, 152, 156, 163, 164, 165, 173, 194, 206, 214, 217, 230, 233, 243]
126 (3)  [6, 15, 24, 36, 50, 55, 66, 70, 76, 88, 98, 100, 101, 122, 127, 132, 140, 144, 149, 153, 163, 167, 172, 210, 224, 234, 246, 250]
127 (2)  [5, 6, 7, 9, 20, 33, 45, 53, 56, 74, 85, 95, 102, 108, 118, 122, 125, 126, 134, 147, 163, 176, 180, 181, 187, 191, 203, 231]
128 (2)  [2, 3, 23, 28, 30, 35, 56, 84, 90, 114, 115, 132, 136, 145, 153, 179, 193, 194, 202, 209, 216, 220, 221, 232, 235, 242, 245, 250]
129 (2)  [6, 9, 10, 13, 17, 27, 34, 63, 73, 74, 90, 91, 131, 133, 135, 147, 154, 169, 187, 190, 192, 204, 207, 208, 217, 226, 238, 245]
130 (3)  [3, 50, 62, 65, 66, 67, 83, 93, 98, 108, 121, 132, 136, 144, 147, 154, 160, 167, 168, 188, 195, 203, 222, 224, 229, 231, 233, 235]
131 (3)  [4, 5, 16, 25, 31, 49, 58, 65, 67, 69, 82, 83, 89, 92, 117, 123, 125, 129, 132, 134, 139, 149, 183, 212, 227, 235, 237, 248]
132 (2)  [5, 29, 43, 53, 87, 98, 101, 106, 114, 119, 126, 128, 130, 131, 143, 147, 152, 158, 160, 175, 182, 183, 188, 217, 228, 229, 231, 240, 241]
133 (3)  [5, 14, 27, 30, 46, 50, 53, 64, 65, 68, 69, 110, 115, 121, 122, 124, 129, 138, 139, 140, 155, 172, 192, 202, 204, 209, 238, 242, 249]
134 (2)  [1, 16, 18, 38, 47, 76, 88, 96, 115, 116, 123, 127, 131, 138, 140, 142, 148, 151, 170, 184, 198, 206, 219, 224, 225, 226, 228, 233, 238]
135 (3)  [2, 5, 17, 32, 35, 56, 61, 80, 81, 85, 97, 104, 109, 129, 142, 156, 157, 168, 183, 188, 204, 209, 213, 223, 225, 234, 235, 245, 248]
136 (3)  [4, 34, 42, 46, 57, 65, 66, 89, 96, 97, 113, 128, 130, 140, 146, 164, 165, 180, 185, 189, 192, 203, 206, 212, 213, 224, 235, 246, 249]
137 (3)  [5, 15, 27, 46, 64, 65, 70, 73, 74, 79, 81, 86, 93, 101, 105, 124, 139, 147, 151, 158, 184, 206, 207, 217, 220, 222, 227, 229, 233, 237]
138 (3)  [4, 5, 14, 18, 32, 57, 75, 85, 93, 109, 118, 122, 133, 134, 144, 151, 155, 156, 161, 168, 178, 201, 203, 208, 209, 213, 215, 233, 240, 249]
139 (3)  [2, 3, 6, 36, 72, 95, 106, 108, 116, 118, 131, 133, 137, 144, 145, 146, 152, 155, 167, 190, 203, 210, 211, 216, 221, 223, 234, 235, 241, 242]
140 (2)  [3, 5, 8, 30, 49, 55, 65, 72, 73, 88, 98, 108, 109, 110, 126, 133, 134, 136, 152, 153, 159, 178, 195, 203, 205, 221, 231, 234, 237, 242]
141 (3)  [2, 4, 15, 17, 32, 55, 58, 60, 66, 69, 71, 79, 80, 84, 91, 95, 99, 117, 146, 152, 171, 178, 179, 180, 198, 207, 208, 213, 224, 236]
142 (2)  [1, 13, 16, 26, 29, 30, 39, 55, 58, 87, 90, 92, 100, 105, 111, 113, 114, 120, 122, 134, 135, 143, 148, 152, 191, 200, 215, 224, 246, 250]
143 (2)  [2, 43, 48, 54, 56, 57, 59, 68, 72, 89, 93, 100, 118, 132, 142, 146, 151, 167, 182, 188, 195, 197, 203, 204, 218, 224, 226, 230, 233, 236]
144 (2)  [5, 6, 20, 43, 45, 52, 63, 67, 82, 98, 102, 105, 117, 126, 130, 138, 139, 155, 161, 164, 166, 174, 183, 186, 202, 204, 211, 222, 228, 246]
145 (2)  [4, 6, 19, 29, 49, 51, 57, 75, 87, 97, 106, 110, 113, 124, 128, 139, 157, 174, 175, 176, 186, 196, 197, 199, 201, 207, 225, 231, 235, 239]
146 (2)  [6, 17, 23, 35, 46, 60, 67, 68, 75, 78, 85, 87, 89, 109, 116, 136, 139, 141, 143, 156, 159, 162, 167, 178, 181, 195, 204, 222, 224, 233]
147 (3)  [2, 4, 22, 46, 57, 74, 85, 97, 105, 116, 122, 123, 125, 127, 129, 130, 132, 137, 153, 182, 196, 199, 213, 220, 221, 223, 224, 230, 233, 234, 243]
148 (3)  [4, 9, 17, 26, 32, 47, 66, 70, 77, 84, 86, 98, 107, 117, 134, 142, 149, 163, 166, 167, 177, 182, 187, 198, 219, 220, 225, 237, 240, 246, 250]
149 (2)  [6, 24, 25, 31, 41, 43, 53, 56, 75, 83, 85, 87, 89, 108, 114, 126, 131, 148, 152, 159, 163, 190, 195, 213, 214, 226, 229, 233, 243, 245, 246, 250]
150 (2)  [1, 5, 49, 57, 77, 81, 96, 97, 100, 102, 107, 110, 112, 117, 118, 119, 121, 153, 158, 167, 172, 184, 200, 205, 207, 209, 212, 218, 220, 223, 228, 240]
151 (2)  [3, 22, 25, 35, 36, 42, 47, 48, 49, 62, 70, 71, 80, 91, 92, 96, 99, 122, 134, 137, 138, 143, 156, 167, 168, 187, 211, 222, 223, 233, 240, 243]
152 (2)  [1, 7, 18, 30, 43, 62, 63, 70, 82, 86, 91, 103, 105, 108, 109, 111, 117, 120, 139, 140, 152, 155, 166, 182, 203, 211, 225, 227, 236, 241, 247, 248]
153 (2)  [3, 12, 29, 59, 90, 104, 114, 126, 128, 140, 147, 150, 154, 173, 177, 179, 196, 197, 204, 208, 209, 210, 214, 217, 218, 224, 239, 243, 245, 246, 247, 248]
154 (2)  [5, 13, 22, 23, 24, 57, 65, 69, 75, 85, 91, 96, 106, 107, 113, 129, 130, 153, 155, 184, 192, 194, 197, 207, 208, 224, 228, 233, 235, 236, 237, 245, 250]
155 (2)  [1, 7, 9, 11, 29, 50, 52, 92, 95, 96, 115, 116, 117, 120, 133, 138, 139, 144, 152, 154, 164, 176, 181, 188, 190, 191, 195, 206, 213, 221, 234, 239, 240, 249]
156 (2)  [14, 22, 32, 36, 48, 49, 51, 54, 55, 59, 61, 67, 74, 79, 85, 99, 103, 104, 118, 125, 135, 138, 146, 151, 152, 178, 180, 184, 185, 192, 205, 232, 237, 238, 243]
157 (4)  [48, 65, 91, 92, 109, 121, 135, 145, 165, 178, 181, 200, 230]
158 (4)  [74, 94, 102, 115, 120, 123, 124, 132, 137, 150, 173, 178, 194, 207]
159 (4)  [18, 43, 91, 93, 100, 116, 140, 146, 149, 187, 219, 236, 239, 249]
160 (4)  [8, 13, 42, 48, 50, 69, 83, 112, 130, 132, 168, 195, 205, 206, 216]
161 (4)  [10, 13, 19, 31, 62, 114, 115, 138, 144, 185, 190, 192, 227, 228, 231, 236]
162 (4)  [9, 19, 25, 55, 59, 78, 81, 86, 109, 112, 123, 146, 187, 215, 225, 248]
163 (4)  [17, 51, 60, 72, 111, 118, 121, 125, 126, 127, 148, 149, 173, 180, 201, 222]
164 (4)  [20, 29, 38, 64, 74, 118, 120, 125, 136, 144, 155, 180, 218, 221, 231, 234, 244]
165 (4)  [24, 34, 59, 88, 89, 91, 95, 102, 110, 116, 123, 125, 136, 157, 170, 174, 212, 244]
166 (4)  [9, 15, 37, 45, 98, 99, 109, 144, 148, 152, 170, 173, 178, 194, 197, 220, 232, 233]
167 (4)  [28, 34, 89, 115, 126, 130, 139, 143, 146, 148, 150, 151, 190, 218, 221, 226, 231, 244]
168 (4)  [12, 18, 26, 46, 74, 78, 83, 112, 118, 130, 135, 138, 151, 160, 186, 187, 189, 204]
169 (4)  [9, 25, 27, 35, 69, 72, 86, 129, 171, 193, 199, 202, 205, 218, 224, 228, 236, 247, 250]
170 (4)  [12, 20, 22, 29, 62, 77, 78, 86, 96, 134, 165, 166, 174, 188, 217, 223, 229, 240, 242]
171 (4)  [7, 8, 36, 49, 51, 57, 82, 86, 97, 99, 113, 116, 120, 141, 169, 197, 220, 238, 243]
172 (4)  [54, 56, 69, 77, 101, 102, 109, 112, 126, 133, 150, 183, 191, 192, 205, 213, 239, 241, 246]
173 (4)  [63, 65, 66, 67, 69, 72, 75, 82, 84, 90, 125, 153, 158, 163, 166, 179, 188, 192, 219, 243]
174 (4)  [29, 47, 48, 70, 90, 110, 144, 145, 165, 170, 193, 199, 216, 220, 222, 226, 231, 232, 240, 243]
175 (4)  [10, 29, 30, 32, 61, 63, 78, 80, 93, 113, 115, 117, 123, 132, 145, 185, 206, 240, 246, 249]
176 (4)  [22, 38, 42, 80, 101, 127, 145, 155, 195, 196, 199, 205, 210, 214, 225, 233, 236, 242, 243, 250]
177 (4)  [8, 13, 16, 25, 26, 30, 65, 67, 72, 87, 100, 124, 148, 153, 180, 200, 204, 215, 223, 248]
178 (4)  [24, 113, 120, 121, 138, 140, 141, 146, 156, 157, 158, 166, 184, 226, 227, 238, 240, 242, 246, 249]
179 (4)  [11, 19, 31, 50, 54, 67, 77, 107, 118, 128, 141, 153, 173, 187, 196, 203, 216, 230, 240, 242, 246]
180 (4)  [25, 28, 54, 80, 102, 105, 109, 118, 120, 127, 136, 141, 156, 163, 164, 177, 184, 192, 217, 226, 235]
181 (4)  [19, 20, 27, 31, 35, 50, 67, 68, 94, 104, 112, 118, 127, 146, 155, 157, 193, 202, 211, 224, 225]
182 (4)  [25, 39, 40, 67, 73, 100, 121, 132, 143, 147, 148, 152, 185, 186, 202, 209, 214, 215, 229, 241, 248]
183 (4)  [27, 57, 61, 86, 87, 90, 94, 105, 121, 131, 132, 135, 144, 172, 186, 189, 215, 224, 236, 241, 242]
184 (4)  [28, 32, 59, 63, 65, 95, 113, 134, 137, 150, 154, 156, 178, 180, 185, 208, 212, 216, 217, 227, 239]
185 (4)  [9, 67, 91, 97, 98, 101, 106, 107, 108, 111, 136, 156, 161, 175, 182, 184, 188, 209, 213, 217, 249]
186 (4)  [17, 25, 31, 38, 55, 67, 82, 87, 90, 108, 117, 144, 145, 168, 182, 183, 203, 215, 229, 233, 247]
187 (4)  [11, 32, 38, 39, 50, 55, 73, 77, 80, 127, 129, 148, 151, 159, 162, 168, 179, 202, 209, 231, 235, 248]
188 (4)  [20, 21, 22, 24, 44, 51, 67, 69, 76, 77, 92, 101, 130, 132, 135, 143, 155, 170, 173, 185, 196, 223]
189 (4)  [18, 22, 28, 56, 57, 62, 69, 101, 104, 107, 115, 117, 120, 136, 168, 183, 195, 205, 216, 233, 237, 250]
190 (4)  [12, 38, 43, 52, 78, 80, 88, 101, 112, 129, 139, 149, 155, 161, 167, 205, 207, 215, 226, 231, 234, 242]
191 (4)  [11, 16, 42, 56, 58, 62, 71, 81, 91, 100, 108, 112, 114, 127, 142, 155, 172, 201, 213, 220, 249, 250]
192 (4)  [33, 75, 89, 99, 106, 129, 133, 136, 154, 156, 161, 172, 173, 180, 193, 201, 210, 215, 227, 232, 234, 246]
193 (4)  [12, 45, 52, 66, 67, 69, 74, 97, 101, 103, 107, 128, 169, 174, 181, 192, 203, 215, 236, 242, 247, 250]
194 (4)  [23, 40, 48, 58, 76, 92, 95, 101, 107, 123, 125, 128, 154, 158, 166, 210, 211, 215, 218, 230, 237, 248]
195 (4)  [42, 46, 70, 112, 113, 115, 116, 123, 130, 140, 143, 146, 149, 155, 160, 176, 189, 199, 201, 225, 231, 236]
196 (4)  [8, 40, 41, 45, 46, 76, 82, 86, 102, 120, 145, 147, 153, 176, 179, 188, 209, 214, 216, 226, 231, 238, 249]
197 (4)  [11, 33, 37, 78, 79, 82, 91, 96, 100, 102, 112, 124, 143, 145, 153, 154, 166, 171, 201, 204, 233, 243, 245]
198 (4)  [9, 39, 48, 63, 69, 71, 72, 77, 88, 100, 103, 115, 119, 120, 134, 141, 148, 206, 212, 224, 237, 245, 248]
199 (4)  [23, 34, 41, 42, 51, 80, 91, 94, 113, 121, 145, 147, 169, 174, 176, 195, 220, 224, 225, 227, 237, 246, 247]
200 (4)  [17, 25, 26, 44, 49, 64, 77, 88, 101, 112, 116, 121, 122, 142, 150, 157, 177, 209, 210, 215, 224, 232, 235]
201 (4)  [15, 28, 49, 62, 64, 76, 81, 89, 98, 138, 145, 163, 191, 192, 195, 197, 208, 212, 230, 232, 237, 239, 247]
202 (4)  [18, 22, 28, 67, 71, 79, 83, 86, 100, 119, 120, 121, 128, 133, 144, 169, 181, 182, 187, 212, 214, 239, 245]
203 (4)  [33, 35, 37, 46, 49, 61, 69, 84, 87, 122, 127, 130, 136, 138, 139, 140, 143, 152, 179, 186, 193, 211, 223, 248]
204 (4)  [32, 38, 47, 52, 54, 56, 81, 90, 95, 96, 97, 110, 120, 129, 133, 135, 143, 144, 146, 153, 168, 177, 197, 245]
205 (4)  [34, 42, 43, 47, 79, 92, 99, 101, 113, 117, 119, 121, 124, 140, 150, 156, 160, 169, 172, 176, 189, 190, 214, 230]
206 (4)  [19, 73, 82, 99, 104, 106, 118, 120, 122, 125, 134, 136, 137, 155, 160, 175, 198, 207, 213, 225, 229, 240, 242, 248]
207 (4)  [16, 30, 35, 39, 40, 43, 60, 65, 102, 106, 129, 137, 141, 145, 150, 154, 158, 190, 206, 214, 219, 236, 241, 244]
208 (4)  [10, 15, 26, 45, 52, 54, 56, 84, 95, 115, 116, 123, 129, 138, 141, 153, 154, 184, 201, 220, 230, 234, 238, 244]
209 (4)  [20, 25, 34, 40, 68, 71, 85, 87, 92, 128, 133, 135, 138, 150, 153, 182, 185, 187, 196, 200, 232, 233, 235, 245]
210 (4)  [8, 11, 17, 39, 49, 55, 73, 79, 84, 115, 123, 126, 139, 153, 176, 192, 194, 200, 215, 216, 239, 245, 246, 248]
211 (4)  [12, 14, 40, 45, 46, 50, 64, 70, 72, 81, 92, 93, 119, 139, 144, 151, 152, 181, 194, 203, 231, 232, 241, 247]
212 (4)  [19, 34, 42, 45, 74, 75, 82, 98, 106, 113, 119, 122, 124, 131, 136, 150, 165, 184, 198, 201, 202, 228, 236, 245]
213 (4)  [79, 93, 96, 102, 103, 105, 120, 135, 136, 138, 141, 147, 149, 155, 172, 185, 191, 206, 221, 224, 229, 230, 235, 236, 240]
214 (4)  [15, 23, 24, 42, 44, 53, 59, 61, 62, 73, 81, 99, 108, 114, 125, 149, 153, 176, 182, 196, 202, 205, 207, 219, 237]
215 (4)  [7, 17, 20, 22, 23, 29, 46, 57, 64, 82, 122, 138, 142, 162, 177, 182, 183, 186, 190, 192, 193, 194, 200, 210, 240]
216 (4)  [54, 57, 61, 70, 81, 83, 105, 115, 128, 139, 160, 174, 179, 184, 189, 196, 210, 217, 219, 226, 227, 229, 231, 236, 246]
217 (4)  [16, 23, 47, 53, 72, 80, 81, 82, 88, 93, 94, 115, 125, 129, 132, 137, 153, 170, 180, 184, 185, 216, 227, 238, 241]
218 (4)  [11, 19, 20, 26, 28, 37, 44, 51, 94, 95, 98, 99, 113, 114, 120, 143, 150, 153, 164, 167, 169, 194, 227, 244, 246]
219 (4)  [8, 32, 44, 61, 63, 79, 80, 111, 113, 115, 123, 124, 134, 148, 159, 173, 207, 214, 216, 225, 226, 227, 228, 230, 235, 236]
220 (4)  [16, 27, 29, 59, 63, 67, 81, 82, 88, 99, 104, 128, 137, 147, 148, 150, 166, 171, 174, 191, 199, 208, 228, 232, 244, 247]
221 (4)  [18, 33, 43, 63, 64, 71, 77, 82, 87, 106, 110, 128, 139, 140, 147, 155, 164, 167, 213, 225, 227, 233, 234, 238, 239, 248]
222 (4)  [26, 46, 53, 59, 61, 66, 82, 89, 92, 99, 103, 117, 120, 121, 124, 130, 137, 144, 146, 151, 163, 174, 223, 224, 245, 250]
223 (4)  [39, 41, 48, 54, 56, 60, 67, 76, 79, 93, 97, 122, 123, 124, 135, 139, 147, 150, 151, 170, 177, 188, 203, 222, 224, 234]
224 (4)  [17, 21, 26, 40, 53, 126, 130, 134, 136, 141, 142, 143, 146, 147, 153, 154, 169, 181, 183, 198, 199, 200, 213, 222, 223, 228]
225 (4)  [36, 41, 56, 66, 73, 96, 108, 111, 115, 121, 134, 135, 145, 148, 152, 162, 176, 181, 195, 199, 206, 219, 221, 227, 230, 247]
226 (4)  [8, 12, 28, 38, 45, 48, 71, 73, 110, 114, 120, 129, 134, 143, 149, 167, 174, 178, 180, 190, 196, 216, 219, 234, 235, 245]
227 (4)  [14, 22, 50, 56, 78, 89, 115, 118, 131, 137, 152, 161, 178, 184, 192, 199, 216, 217, 218, 219, 221, 225, 231, 232, 237, 240, 243]
228 (4)  [9, 23, 26, 27, 28, 39, 40, 58, 81, 98, 106, 114, 119, 132, 134, 144, 150, 154, 161, 169, 212, 219, 220, 224, 235, 237, 238]
229 (4)  [9, 19, 35, 50, 52, 61, 64, 68, 79, 90, 100, 109, 119, 130, 132, 137, 149, 170, 182, 186, 206, 213, 216, 238, 245, 247, 250]
230 (4)  [14, 18, 19, 26, 40, 70, 74, 78, 90, 101, 113, 114, 117, 121, 125, 143, 147, 157, 179, 194, 201, 205, 208, 213, 219, 225, 236]
231 (4)  [34, 53, 64, 65, 84, 86, 95, 98, 108, 113, 119, 127, 130, 132, 140, 145, 161, 164, 167, 174, 187, 190, 195, 196, 211, 216, 227, 247]
232 (4)  [16, 17, 25, 42, 43, 52, 69, 72, 101, 104, 117, 118, 119, 123, 128, 156, 166, 174, 192, 200, 201, 209, 211, 220, 227, 235, 241, 246]
233 (4)  [13, 35, 45, 56, 68, 72, 119, 125, 130, 134, 137, 138, 143, 146, 147, 149, 151, 154, 166, 176, 186, 189, 197, 209, 221, 238, 248, 249]
234 (4)  [9, 18, 30, 34, 48, 59, 61, 68, 70, 86, 88, 103, 110, 126, 135, 139, 140, 147, 155, 164, 190, 192, 208, 221, 223, 226, 241, 246]
235 (4)  [10, 40, 58, 70, 76, 97, 103, 112, 119, 128, 130, 131, 135, 136, 139, 145, 154, 180, 187, 200, 209, 213, 219, 226, 228, 232, 237, 243]
236 (4)  [11, 15, 32, 46, 48, 54, 78, 91, 96, 106, 141, 143, 152, 154, 159, 161, 169, 176, 183, 193, 195, 207, 212, 213, 216, 219, 230, 246]
237 (4)  [7, 12, 18, 24, 35, 68, 82, 84, 98, 107, 117, 123, 131, 137, 140, 148, 154, 156, 189, 194, 198, 199, 201, 214, 227, 228, 235, 239, 247]
238 (4)  [9, 17, 24, 26, 33, 36, 56, 60, 62, 63, 83, 85, 104, 105, 109, 112, 129, 133, 134, 156, 171, 178, 196, 208, 217, 221, 228, 229, 233]
239 (4)  [8, 24, 31, 34, 39, 42, 59, 89, 102, 103, 106, 116, 121, 145, 153, 155, 159, 172, 184, 201, 202, 210, 221, 237, 240, 243, 245, 246, 247]
240 (4)  [13, 16, 34, 40, 44, 49, 82, 83, 94, 95, 104, 123, 132, 138, 148, 150, 151, 155, 170, 174, 175, 178, 179, 206, 213, 215, 227, 239, 249]
241 (4)  [16, 27, 28, 32, 39, 40, 41, 61, 71, 79, 83, 92, 95, 108, 110, 118, 122, 132, 139, 152, 172, 182, 183, 207, 211, 217, 232, 234, 250]
242 (4)  [24, 38, 51, 59, 75, 76, 83, 91, 93, 104, 108, 116, 120, 124, 128, 133, 139, 140, 170, 176, 178, 179, 183, 190, 193, 206, 243, 248, 250]
243 (4)  [23, 28, 33, 36, 38, 42, 44, 46, 66, 70, 107, 113, 116, 117, 125, 147, 149, 151, 153, 156, 171, 173, 174, 176, 197, 227, 235, 239, 242, 250]
244 (4)  [20, 23, 26, 29, 41, 46, 51, 52, 55, 59, 62, 66, 78, 84, 89, 90, 91, 93, 102, 103, 104, 107, 164, 165, 167, 207, 208, 218, 220, 250]
245 (4)  [43, 57, 67, 71, 75, 87, 90, 105, 112, 114, 128, 129, 135, 149, 153, 154, 197, 198, 202, 204, 209, 210, 212, 222, 226, 229, 239, 247, 248, 249]
246 (4)  [17, 20, 37, 51, 62, 76, 77, 78, 98, 121, 122, 123, 126, 136, 142, 144, 148, 149, 153, 172, 175, 178, 179, 192, 199, 210, 216, 218, 232, 234, 236, 239]
247 (4)  [16, 33, 35, 46, 53, 56, 61, 64, 66, 68, 77, 79, 87, 98, 100, 103, 118, 152, 153, 169, 186, 193, 199, 201, 211, 220, 225, 229, 231, 237, 239, 245]
248 (4)  [13, 18, 27, 30, 39, 53, 61, 66, 71, 73, 83, 87, 94, 104, 131, 135, 152, 153, 162, 177, 182, 187, 194, 198, 203, 206, 210, 221, 233, 242, 245, 250]
249 (4)  [10, 12, 13, 18, 21, 26, 35, 37, 41, 54, 60, 62, 68, 74, 101, 105, 113, 114, 124, 133, 136, 138, 155, 159, 175, 178, 185, 191, 196, 233, 240, 245, 250]
250 (4)  [41, 43, 50, 59, 63, 66, 74, 81, 88, 91, 100, 107, 110, 114, 120, 126, 128, 142, 148, 149, 154, 169, 176, 189, 191, 193, 222, 229, 241, 242, 243, 244, 248, 249]
