90.47 3.875 6830.32 37.2 1760.1001799058915 331.46 4690.76 130.7562667 11.627 0
53.57 3.87 4814.92 3384.176593632328 61.11 343.64 837.48 197.5481609 6.169 0
65.41 2.77 7032.371785714266 3384.176593632328 1760.1001799058915 3292.935886258671 4132.216422222234 210.2831653 8.2 0
81.24 2.802 7032.371785714266 3384.176593632328 1760.1001799058915 3292.935886258671 4132.216422222234 126.0854516 7.951 0
44.88 3.348 7032.371785714266 3384.176593632328 1760.1001799058915 3292.935886258671 4132.216422222234 127.7195806 8.744 0
63.9 3.392 4624.61 83.88 42.38 1618.31 8144.9 172.46080918276078 7.826821038790305 0
11.44 2.914 375.03 12.53 1760.1001799058915 3292.935886258671 552.42 132.030871 4.983 0
83.75 2.623 7032.371785714266 3384.176593632328 1760.1001799058915 3292.935886258671 4132.216422222234 212.6212163 6.973 0
75.56 3.595 7032.371785714266 3384.176593632328 1760.1001799058915 3292.935886258671 4132.216422222234 129.1846452 6.56 0
72.26 2.65 7032.371785714266 3384.176593632328 1760.1001799058915 3292.935886258671 4132.216422222234 126.1069032 9.816 0
18.76 3.186 945.5 35.63 1077.82 57.64 2404.82 129.9845484 6.617 0
38.89 3.445 7032.371785714266 3384.176593632328 1760.1001799058915 3292.935886258671 256.45 129.8364 6.078 1
49.86 3.524 7032.371785714266 3384.176593632328 1760.1001799058915 3292.935886258671 4132.216422222234 218.2586281 6.297 0
36.57 3.119 21621.16 16497.47 25.52 13643.83 14660.97 130.4546207 6.104 0
29.58 3.785 21811.57 40905.78 126.98 353.83 3784.77 138.4882258 7.992 1
67.75 2.735 7032.371785714266 3384.176593632328 1760.1001799058915 3292.935886258671 4132.216422222234 210.5152765 8.476 1
78.75 3.467 7032.371785714266 3384.176593632328 1760.1001799058915 3292.935886258671 4132.216422222234 215.1233185 8.177 0
74.7 3.8 8789.89 2645.16 46.47 7281.65 3360.27 172.46080918276078 7.826821038790305 0
33.21 2.989 7032.371785714266 3384.176593632328 1760.1001799058915 3292.935886258671 4132.216422222234 204.5264194 10.398 0
51.65 3.409 8687.47 1594.87 2.2 2144.87 2577.83 223.753643 6.833 1
44.88 2.75 7032.371785714266 3384.176593632328 1760.1001799058915 3292.935886258671 4132.216422222234 189.6901012 8.963 0
31.44 3.566 3248.4 31122.2 111.35 605.88 3474.84 136.6432581 7.866 1
75.22 3.506 4575.3 211.7 1760.1001799058915 304.94 2686.11 191.0992462 8.567 0
52.27 4.178 1895.3 5.9 3.93 68.88 3186.15 130.6457931 12.187 0
50.09 3.48 7810.94 71074.17 618.04 15.47 302.01 131.747 6.943 1
74.39 3.494 463.05 1.74 1760.1001799058915 3292.935886258671 795.76 222.1136566 6.228 0
61.24 3.314 11421.32 3370.89 40.28 4646.79 6154.16 223.4813073 6.573 0
42.09 3.604 7032.371785714266 3384.176593632328 1760.1001799058915 3292.935886258671 4132.216422222234 136.4884516 4.42 0
27.92 2.62 7032.371785714266 3384.176593632328 1760.1001799058915 3292.935886258671 4132.216422222234 189.6695049 7.039 0
46.65 3.796 7032.371785714266 3384.176593632328 1760.1001799058915 3292.935886258671 4132.216422222234 137.7398929 7.827 0
50.43 4.192 7032.371785714266 3384.176593632328 1760.1001799058915 3292.935886258671 4132.216422222234 134.5143667 7.658 0
23.79 3.827 15284.47 1338.94 1760.1001799058915 14210.79 2121.92 137.4238966 4.261 0
67.21 3.973 7032.371785714266 3384.176593632328 1760.1001799058915 3292.935886258671 4132.216422222234 134.8551613 4.781 0
85.72 3.594 7032.371785714266 3384.176593632328 1760.1001799058915 3292.935886258671 4132.216422222234 214.7441108 7.931 0
84.11 2.637 7032.371785714266 3384.176593632328 1760.1001799058915 3292.935886258671 4132.216422222234 211.4537719 7.808 0
63.08 2.667 7032.371785714266 3384.176593632328 1760.1001799058915 3292.935886258671 4132.216422222234 214.7027646 7.368 0
43.01 2.834 7032.371785714266 3384.176593632328 1760.1001799058915 3292.935886258671 4132.216422222234 131.8242903 5.892 0
63.41 3.509 4032.28 26.2 55.79 2124.61 960.59 198.0795651 7.872 0
8.82 2.889 4085.38 1448.73 2.46 1632.0 1818.7 200.7382625 5.415 0
64.55 3.05 7032.371785714266 3384.176593632328 1760.1001799058915 3292.935886258671 4132.216422222234 126.4713333 14.099 0
48.65 4.187 4765.31 5896.55 57.4 1204.7 3980.37 137.868 8.983 0
42.27 3.389 797.1 89.14 1962.19 17.0 2985.51 188.9299752 8.523 0
87.71 2.664 7032.371785714266 3384.176593632328 1760.1001799058915 3292.935886258671 4132.216422222234 212.1608984 6.496 0
37.6 3.235 1077.02 9401.61 4.94 622.64 2815.19 131.957 8.934 0
56.26 3.969 4174.31 3384.176593632328 15.84 838.05 3838.56 216.1464699 7.293 0
50.64 3.615 1260.65 3384.176593632328 57.52 40.51 2476.18 193.589304 8.335 0
44.25 2.885 7032.371785714266 3384.176593632328 1760.1001799058915 3292.935886258671 4132.216422222234 131.9809 5.435 0
60.8 3.065 7032.371785714266 3384.176593632328 1760.1001799058915 3292.935886258671 4132.216422222234 213.190421 8.028 0
85.61 3.786 7032.371785714266 3384.176593632328 1760.1001799058915 3292.935886258671 4132.216422222234 218.8860765 7.574 0
59.87 3.386 9892.4 5275.34 78.2 3803.94 6234.92 222.1321414 6.228 0
70.13 2.619 7032.371785714266 3384.176593632328 1760.1001799058915 3292.935886258671 4132.216422222234 126.2346 10.21 0
86.01 3.779 7032.371785714266 3384.176593632328 1760.1001799058915 3292.935886258671 4132.216422222234 129.1338387 8.257 0
26.56 3.605 7886.02 3384.176593632328 420.1 69.41 2403.73 201.1558092 7.107 0
42.31 2.572 7032.371785714266 3384.176593632328 1760.1001799058915 3292.935886258671 4132.216422222234 211.0963582 8.106 0
71.3 3.547 7032.371785714266 3384.176593632328 1760.1001799058915 3292.935886258671 4132.216422222234 193.711525 6.901 0
65.87 3.372 7032.371785714266 3384.176593632328 1760.1001799058915 3292.935886258671 4132.216422222234 217.3251824 7.441 0
48.17 3.058 7032.371785714266 3384.176593632328 1760.1001799058915 3292.935886258671 4132.216422222234 127.99525 6.51 0
66.15 2.735 7032.371785714266 3384.176593632328 1760.1001799058915 3292.935886258671 4132.216422222234 212.303441 6.768 1
84.26 3.422 16119.68 3849.12 963.31 11556.02 21473.17 172.46080918276078 7.826821038790305 0
56.8 4.056 7503.68 200.82 10.5 1993.04 6412.69 138.6534 4.156 0
76.67 4.087 7032.371785714266 3384.176593632328 1760.1001799058915 3292.935886258671 4132.216422222234 129.0623548 13.736 0
74.62 3.673 4911.94 492.18 3.0 1842.62 1688.61 172.46080918276078 7.826821038790305 0
39.04 3.983 14769.88 3384.176593632328 504.45 2956.94 3683.87 138.9911935 8.75 0
53.39 3.611 9361.09 3384.176593632328 28.59 3602.71 2161.72 132.4668065 3.921 0
83.27 3.563 7032.371785714266 3384.176593632328 1760.1001799058915 3292.935886258671 4132.216422222234 129.1338387 5.644 0
47.63 3.401 34577.87 883.45 289.34 18578.87 4259.63 132.215129 8.934 1
71.99 2.781 7032.371785714266 3384.176593632328 1760.1001799058915 3292.935886258671 4132.216422222234 204.605272 7.527 0
84.9 2.623 7032.371785714266 3384.176593632328 1760.1001799058915 3292.935886258671 4132.216422222234 214.4176476 7.346 0
28.99 3.753 75522.86 903.11 205.18 35146.67 4340.72 192.8970893 8.625 1
70.87 3.451 3808.66 -15.45 142.7 529.99 2742.75 228.7298638 5.999 0
47.87 2.946 7032.371785714266 3384.176593632328 1760.1001799058915 3292.935886258671 4132.216422222234 126.4962581 13.975 1
80.42 3.786 7032.371785714266 3384.176593632328 1760.1001799058915 3292.935886258671 4132.216422222234 219.1203788 6.38 0
99.22 3.112 7032.371785714266 3384.176593632328 1760.1001799058915 3292.935886258671 4132.216422222234 126.1283548 14.18 0
31.6 3.372 7032.371785714266 3384.176593632328 1760.1001799058915 3292.935886258671 4132.216422222234 192.058484 7.241 0
25.17 3.141 7032.371785714266 3384.176593632328 1760.1001799058915 3292.935886258671 4132.216422222234 204.6376731 7.484 0
95.91 3.811 8364.4 69.48 30.01 4158.02 3050.7 130.7561613 10.926 0
39.94 2.729 7032.371785714266 3384.176593632328 1760.1001799058915 3292.935886258671 4132.216422222234 190.9964377 6.986 0
53.16 3.658 6476.98 41.8 2.0 1334.42 3081.47 225.3024583 5.494 0
67.38 3.697 7032.371785714266 3384.176593632328 1760.1001799058915 3292.935886258671 4132.216422222234 192.9034759 8.595 0
40.65 2.681 7032.371785714266 3384.176593632328 1760.1001799058915 3292.935886258671 4132.216422222234 126.5782857 8.316 0
51.07 3.021 7032.371785714266 3384.176593632328 1760.1001799058915 3292.935886258671 4132.216422222234 132.0226667 8.211 0
56.61 3.601 10960.27 20.94 39.58 5578.26 1542.6 172.46080918276078 7.826821038790305 0
42.63 3.112 75.54 3384.176593632328 3.75 3292.935886258671 1276.15 210.9052972 10.148 0
37.51 3.795 7032.371785714266 3384.176593632328 1760.1001799058915 3292.935886258671 4132.216422222234 192.8365651 8.595 0
44.83 3.625 7032.371785714266 3384.176593632328 1760.1001799058915 3292.935886258671 4132.216422222234 207.6553444 7.343 0
56.11 3.055 7032.371785714266 3384.176593632328 1760.1001799058915 3292.935886258671 4132.216422222234 132.8708387 8.067 0
42.13 3.679 9343.87 3384.176593632328 316.56 3101.29 13828.93 142.4227071 7.543 0
64.1 2.667 7032.371785714266 3384.176593632328 1760.1001799058915 3292.935886258671 4132.216422222234 214.7027646 7.368 0
49.86 3.524 7032.371785714266 3384.176593632328 1760.1001799058915 3292.935886258671 4132.216422222234 218.2586281 6.297 0
27.12 3.323 17771.48 6944.08 13.3 10514.31 7599.67 132.2725714 5.372 0
67.45 3.898 7032.371785714266 3384.176593632328 1760.1001799058915 3292.935886258671 4132.216422222234 135.9639355 4.584 0
35.7 2.654 7032.371785714266 3384.176593632328 1760.1001799058915 3292.935886258671 4132.216422222234 126.5262857 8.316 0
18.2 3.215 7032.371785714266 3384.176593632328 1760.1001799058915 3292.935886258671 4132.216422222234 132.9510645 5.114 0
41.3 3.513 2428.51 7532.95 2.28 413.26 3750.02 140.7048214 8.744 0
39.72 3.89 16667.02 913.36 20.24 73.88 2601.07 193.1221731 8.625 0
63.68 2.809 7032.371785714266 3384.176593632328 1760.1001799058915 3292.935886258671 4132.216422222234 204.6679198 7.856 0
60.92 3.443 42.92 1279.42 2.55 3292.935886258671 246.46 130.1575161 7.603 0
46.57 3.108 12663.68 52304.87 424.04 46.98 1668.09 225.5899734 5.329 1
80.14 3.786 7032.371785714266 3384.176593632328 1760.1001799058915 3292.935886258671 4132.216422222234 216.0704083 6.489 0
45.66 2.472 7032.371785714266 3384.176593632328 1760.1001799058915 3292.935886258671 4132.216422222234 210.0451024 8.554 0
