20.04 3.78 4518.34 3054.39 0.6 744.2 2105.49 138.7333871 8.036 0
62.66 2.808 7032.371785714266 3384.176593632328 1760.1001799058915 3292.935886258671 4132.216422222234 213.8186357 6.29 0
69.36 3.845 825.1 99.83 1.25 113.25 388.39 224.8651254 6.833 0
44.32 3.848 16514.65 344.55 68.3 2596.73 2245.26 141.4742857 8.744 0
60.59 3.614 9659.44 204.88 25.91 1896.27 5896.76 172.46080918276078 7.826821038790305 0
90.47 3.875 7439.99 47.6 1760.1001799058915 1330.36 4873.87 130.7562667 11.627 0
70.28 4.254 146.91 848.67 14.51 3292.935886258671 1191.9 131.108 7.382 0
31.7 3.586 7032.371785714266 3384.176593632328 1760.1001799058915 3292.935886258671 4132.216422222234 136.475129 7.598 0
58.06 3.29 774.55 349.99 1760.1001799058915 4.0 328.72 223.5645845 6.833 0
84.43 2.623 7032.371785714266 3384.176593632328 1760.1001799058915 3292.935886258671 4132.216422222234 209.8630532 8.36 0
76.36 3.918 7032.371785714266 3384.176593632328 1760.1001799058915 3292.935886258671 4132.216422222234 129.4306 13.503 0
83.43 3.809 436.08 3384.176593632328 0.72 3292.935886258671 1327.32 172.46080918276078 7.826821038790305 0
62.72 2.689 7032.371785714266 3384.176593632328 1760.1001799058915 3292.935886258671 4132.216422222234 210.7202444 8.476 0
46.78 3.719 9391.17 20595.49 686.11 5950.16 6034.65 136.4618065 8.454 0
57.58 3.917 5581.8 2.98 1760.1001799058915 398.23 396.11 138.7281613 9.151 0
53.69 3.647 15754.81 34.78 57.59 2173.94 3394.71 132.4150714 8.934 0
72.62 3.99 7032.371785714266 3384.176593632328 1760.1001799058915 3292.935886258671 4132.216422222234 129.0756774 8.494 0
51.5 2.764 7032.371785714266 3384.176593632328 1760.1001799058915 3292.935886258671 4132.216422222234 204.951982 7.484 0
83.81 3.699 7032.371785714266 3384.176593632328 1760.1001799058915 3292.935886258671 4132.216422222234 215.8384319 6.489 0
51.76 3.108 6542.05 10952.76 70.6 201.38 327.07 227.5148363 6.034 1
89.58 2.664 7032.371785714266 3384.176593632328 1760.1001799058915 3292.935886258671 4132.216422222234 211.2596586 8.099 0
48.88 3.823 7032.371785714266 3384.176593632328 1760.1001799058915 3292.935886258671 4132.216422222234 134.2784667 9.966 0
81.57 3.227 12218.76 94.4 192.83 4066.01 6149.04 221.8837789 6.908 0
41.72 3.876 7634.61 348.71 0.5 1351.75 5563.8 141.4742857 7.503 0
21.62 2.872 5069.98 207.53 0.1 551.55 1490.43 200.815099 5.415 0
76.87 3.886 7032.371785714266 3384.176593632328 1760.1001799058915 3292.935886258671 4132.216422222234 139.5442083 7.85 0
69.6 3.611 11838.93 3384.176593632328 641.0 3518.0 2144.12 228.4689369 6.108 0
73.21 2.796 7032.371785714266 3384.176593632328 1760.1001799058915 3292.935886258671 4132.216422222234 136.5249182 8.433 0
83.59 2.64 7032.371785714266 3384.176593632328 1760.1001799058915 3292.935886258671 4132.216422222234 211.0264684 8.099 0
46.0 4.061 7032.371785714266 3384.176593632328 1760.1001799058915 3292.935886258671 4132.216422222234 134.3571 8.212 0
45.67 3.666 3751.34 191.82 6485.06 1803.17 16136.43 136.4909333 7.866 0
43.6 3.501 6134.68 50.47 8734.68 5080.3 20441.81 136.4909333 4.42 0
51.88 3.876 6224.83 127.42 71.0 248.23 1099.86 139.1226129 7.806 0
74.14 3.688 13797.91 3384.176593632328 8.64 2960.85 3794.93 221.3632212 6.891 0
40.19 2.572 7032.371785714266 3384.176593632328 1760.1001799058915 3292.935886258671 4132.216422222234 210.7526053 8.324 0
73.67 3.808 376.77 307.33 1760.1001799058915 3292.935886258671 1833.59 132.6537742 6.698 0
62.2 3.963 128.45 3.68 0.99 3292.935886258671 1640.64 130.7413793 7.603 0
71.36 2.755 7032.371785714266 3384.176593632328 1760.1001799058915 3292.935886258671 4132.216422222234 182.6104063 8.743 0
37.77 2.548 7032.371785714266 3384.176593632328 1760.1001799058915 3292.935886258671 4132.216422222234 210.8979935 8.324 1
57.18 3.157 250.83 1348.24 48.05 3292.935886258671 1151.33 218.4062876 7.244 0
76.67 4.087 7032.371785714266 3384.176593632328 1760.1001799058915 3292.935886258671 4132.216422222234 129.0623548 13.736 0
86.87 3.666 12644.88 11.2 4.12 5763.56 4746.94 130.7196333 7.17 0
69.21 3.814 2262.49 4.23 2.77 14.0 2289.63 221.255812 6.891 0
55.33 3.162 7032.371785714266 3384.176593632328 1760.1001799058915 3292.935886258671 4132.216422222234 126.6692667 9.003 1
71.7 3.643 13470.41 3153.08 641.03 9606.81 1756.07 172.46080918276078 7.826821038790305 0
43.49 3.76 2776.24 3384.176593632328 17.72 456.08 5687.22 199.0539368 7.557 0
50.09 3.48 7810.94 71074.17 618.04 15.47 302.01 131.747 6.943 1
26.49 3.095 443.59 5524.49 15.7 35.25 3296.96 196.5458309 6.162 0
56.96 3.648 7032.371785714266 3384.176593632328 1760.1001799058915 3292.935886258671 4132.216422222234 129.5183333 6.745 0
59.87 3.045 7032.371785714266 3384.176593632328 1760.1001799058915 3292.935886258671 4132.216422222234 212.9033115 8.028 0
30.83 3.034 7032.371785714266 3384.176593632328 1760.1001799058915 3292.935886258671 4132.216422222234 127.859129 7.47 1
36.32 3.947 3353.41 4293.32 38.06 340.26 1717.27 138.5172581 7.992 0
67.38 3.105 7032.371785714266 3384.176593632328 1760.1001799058915 3292.935886258671 4132.216422222234 126.3805667 14.099 0
83.43 3.682 7032.371785714266 3384.176593632328 1760.1001799058915 3292.935886258671 4132.216422222234 207.313553 10.641 0
46.38 3.957 9650.62 3384.176593632328 10.77 1831.88 4732.84 137.7970968 9.14 0
88.0 3.913 7032.371785714266 3384.176593632328 1760.1001799058915 3292.935886258671 4132.216422222234 129.3686129 13.503 1
39.97 3.491 7032.371785714266 3384.176593632328 1760.1001799058915 3292.935886258671 4132.216422222234 195.0261012 6.232 0
65.97 3.756 8819.8 416.5 0.22 3496.08 6331.52 130.8295333 5.965 0
69.64 3.622 7032.371785714266 3384.176593632328 1760.1001799058915 3292.935886258671 4132.216422222234 215.6407939 6.489 0
43.29 3.6 2429.88 18.24 347.78 573.31 6432.36 129.8980645 12.89 0
59.87 3.045 7032.371785714266 3384.176593632328 1760.1001799058915 3292.935886258671 4132.216422222234 212.9033115 8.028 0
59.01 3.065 7032.371785714266 3384.176593632328 1760.1001799058915 3292.935886258671 4132.216422222234 217.1095679 6.416 0
61.25 4.203 11768.07 1.91 56.98 873.12 6190.47 138.6534 8.953 0
74.57 3.805 7032.371785714266 3384.176593632328 1760.1001799058915 3292.935886258671 4132.216422222234 214.1921572 8.3 0
51.04 4.124 8300.37 3384.176593632328 110.97 3056.54 1610.94 138.0332 8.15 0
44.42 3.72 7032.371785714266 3384.176593632328 1760.1001799058915 3292.935886258671 4132.216422222234 134.1777742 9.966 0
65.52 3.392 1023.4 192.0 11.5 107.83 2743.05 172.46080918276078 7.826821038790305 0
74.19 3.891 10760.37 3384.176593632328 45.34 4048.21 5596.73 224.9393405 6.664 0
64.61 3.314 2548.02 2037.54 1.95 303.93 1595.16 224.0748671 5.422 0
94.87 4.002 5349.52 1.98 11.24 2542.17 6620.24 130.7909677 10.926 0
68.36 3.907 7032.371785714266 3384.176593632328 1760.1001799058915 3292.935886258671 4132.216422222234 215.3834778 7.931 0
88.05 3.286 5659.29 7.6 1760.1001799058915 408.59 6001.91 221.4813343 6.891 0
79.85 3.422 7649.99 3503.29 1766.77 9454.96 1079.89 172.46080918276078 7.826821038790305 0
17.93 3.108 4541.46 7686.78 160.0 142.2 714.38 200.1690745 5.847 1
77.17 3.526 7032.371785714266 3384.176593632328 1760.1001799058915 3292.935886258671 4132.216422222234 207.8527143 10.641 0
30.1 3.286 12144.9 1178.96 2.18 996.02 2221.16 196.9631599 8.256 0
80.06 3.494 2107.41 4.0 249.17 109.74 2590.06 172.46080918276078 7.826821038790305 0
77.91 3.842 7032.371785714266 3384.176593632328 1760.1001799058915 3292.935886258671 4132.216422222234 129.7821613 7.874 0
62.99 3.601 2086.18 3384.176593632328 8.11 602.36 5926.45 223.3812965 6.573 0
88.05 3.286 5659.29 7.6 1760.1001799058915 408.59 6001.91 221.4813343 6.891 0
70.44 3.827 7032.371785714266 3384.176593632328 1760.1001799058915 3292.935886258671 4132.216422222234 129.6938 12.89 0
82.04 3.479 9399.84 288.85 262.7 4429.14 6401.08 172.46080918276078 7.826821038790305 0
70.74 3.808 459.08 1073.79 29.64 3292.935886258671 1149.89 132.6537742 6.791 0
71.93 3.62 10737.66 423.4 5.06 1904.52 3823.07 191.0299731 8.567 0
56.09 3.75 10428.62 144.83 7.84 1505.63 3306.98 197.4133259 8.256 0
32.23 3.794 7701.72 49026.3 56.77 64.25 3763.34 142.6019205 7.945 0
24.3 3.255 7032.371785714266 3384.176593632328 1760.1001799058915 3292.935886258671 4132.216422222234 133.260871 9.131 1
40.6 3.022 7032.371785714266 3384.176593632328 1760.1001799058915 3292.935886258671 4132.216422222234 127.5800323 6.51 0
17.46 3.101 7032.371785714266 3384.176593632328 1760.1001799058915 3292.935886258671 4132.216422222234 191.9647167 8.818 0
81.69 3.509 6249.06 70.38 51.09 3258.43 7070.04 130.7561613 5.765 0
59.07 3.676 5634.34 25.62 92.68 36.76 1368.2 217.7422947 7.191 0
64.2 3.297 9134.39 10126.19 473.38 2206.22 6338.3 221.4117517 7.197 0
72.98 3.747 7032.371785714266 3384.176593632328 1760.1001799058915 3292.935886258671 4132.216422222234 186.5093071 8.625 0
62.25 3.524 7032.371785714266 3384.176593632328 1760.1001799058915 3292.935886258671 4132.216422222234 216.3841249 6.855 0
36.82 2.766 7032.371785714266 3384.176593632328 1760.1001799058915 3292.935886258671 4132.216422222234 131.735 10.064 0
53.59 3.398 7032.371785714266 3384.176593632328 1760.1001799058915 3292.935886258671 4132.216422222234 128.13 8.744 0
50.98 4.018 3579.04 3384.176593632328 1760.1001799058915 709.97 4706.12 138.7395 4.156 0
60.88 3.596 7032.371785714266 3384.176593632328 1760.1001799058915 3292.935886258671 4132.216422222234 194.7419707 8.622 0
88.36 3.48 7032.371785714266 3384.176593632328 1760.1001799058915 3292.935886258671 4132.216422222234 216.8200275 6.925 0
63.03 2.841 7032.371785714266 3384.176593632328 1760.1001799058915 3292.935886258671 4132.216422222234 126.2791667 7.61 0
58.42 3.899 9364.2 3384.176593632328 104.01 516.81 1374.13 138.1065806 4.125 0
70.18 3.689 806.8 3384.176593632328 9.56 233.17 1265.42 172.46080918276078 7.826821038790305 0
37.2 3.604 3335.15 1937.31 5.02 282.71 1127.18 199.2908671 7.557 0
85.94 4.144 8619.75 101.0 363.96 2244.26 6524.51 130.8295333 11.627 0
44.81 3.604 10766.99 8427.74 24.82 3695.23 3311.74 199.2908671 6.195 0
88.05 3.286 5659.29 7.6 1760.1001799058915 408.59 6001.91 221.4813343 6.891 0
17.95 2.742 7032.371785714266 3384.176593632328 1760.1001799058915 3292.935886258671 4132.216422222234 191.0121805 9.137 1
45.55 2.878 7032.371785714266 3384.176593632328 1760.1001799058915 3292.935886258671 4132.216422222234 132.7633548 5.287 0
69.78 3.684 7032.371785714266 3384.176593632328 1760.1001799058915 3292.935886258671 4132.216422222234 140.381 8.023 0
63.44 3.645 7032.371785714266 3384.176593632328 1760.1001799058915 3292.935886258671 4132.216422222234 209.807836 7.274 0
90.61 3.803 7032.371785714266 3384.176593632328 1760.1001799058915 3292.935886258671 4132.216422222234 129.1846452 13.503 0
10.13 3.577 2687.41 31425.65 2.6 3292.935886258671 2729.63 138.5480645 3.932 0
23.43 3.563 4852.98 246.22 1760.1001799058915 3283.14 2724.32 201.0974452 5.415 0
88.58 3.651 7032.371785714266 3384.176593632328 1760.1001799058915 3292.935886258671 4132.216422222234 207.2538111 10.641 0
29.43 3.577 1701.21 32204.65 16.2 194.0 1590.59 142.6019205 7.328 0
29.97 2.742 7032.371785714266 3384.176593632328 1760.1001799058915 3292.935886258671 4132.216422222234 191.0121805 9.137 1
38.83 3.436 2930.43 7.21 14398.11 137.84 6715.35 199.5638695 7.557 0
74.42 3.467 7032.371785714266 3384.176593632328 1760.1001799058915 3292.935886258671 4132.216422222234 219.9746423 6.404 0
73.6 2.603 7032.371785714266 3384.176593632328 1760.1001799058915 3292.935886258671 4132.216422222234 214.9846548 7.564 0
33.32 2.753 7032.371785714266 3384.176593632328 1760.1001799058915 3292.935886258671 4132.216422222234 131.686 5.892 0
24.18 3.15 7032.371785714266 3384.176593632328 1760.1001799058915 3292.935886258671 4132.216422222234 132.7477419 5.287 0
81.26 3.574 196.4 3384.176593632328 1760.1001799058915 3292.935886258671 1012.91 220.8526787 6.623 0
84.99 3.73 2266.83 19.0 8.31 419.87 926.86 225.9660263 6.334 1
72.22 3.796 7032.371785714266 3384.176593632328 1760.1001799058915 3292.935886258671 4132.216422222234 140.1629528 8.023 0
33.44 3.727 1175.67 4.55 130129.11 479.96 2481.14 138.4246667 4.145 1
47.96 3.884 1712.21 78.88 47.28 436.66 1598.51 172.46080918276078 7.826821038790305 0
38.01 2.572 7032.371785714266 3384.176593632328 1760.1001799058915 3292.935886258671 4132.216422222234 214.6554591 6.415 0
69.88 3.845 144.85 3384.176593632328 1760.1001799058915 3292.935886258671 470.29 212.8142212 9.653 0
60.35 4.151 10349.0 3384.176593632328 16.05 5824.86 2770.76 138.8256 8.693 0
24.13 2.55 7032.371785714266 3384.176593632328 1760.1001799058915 3292.935886258671 4132.216422222234 189.5340998 7.541 0
48.41 3.606 12937.38 3384.176593632328 341.25 4.96 2561.96 228.605623 5.212 0
57.3 4.054 4142.06 506.34 5.17 917.38 3467.03 141.6269332 8.009 0
25.41 3.214 29842.81 247.22 61.72 16268.99 2222.53 200.968772 5.415 1
84.02 3.4 75.65 17.79 8.47 3292.935886258671 1264.0 172.46080918276078 7.826821038790305 0
56.08 3.724 3881.79 1981.72 29.77 798.01 850.22 217.7422947 7.191 0
40.23 2.788 7032.371785714266 3384.176593632328 1760.1001799058915 3292.935886258671 4132.216422222234 189.4904116 7.363 0
58.68 2.846 7032.371785714266 3384.176593632328 1760.1001799058915 3292.935886258671 4132.216422222234 132.7670667 8.099 0
48.61 2.625 7032.371785714266 3384.176593632328 1760.1001799058915 3292.935886258671 4132.216422222234 211.0067542 8.324 0
58.66 3.207 2630.69 3384.176593632328 3426.72 107.26 4697.05 222.2776106 6.228 0
59.85 3.443 2.91 2655.21 77.86 3292.935886258671 649.61 130.1575161 7.545 0
45.53 3.688 9273.32 3384.176593632328 263.41 1979.78 11324.83 192.3258577 8.667 0
37.44 3.639 5244.37 3384.176593632328 597.76 1749.06 12417.68 138.3685484 8.243 0
6.27 3.579 1545.29 882.82 0.1 424.29 2636.55 138.7333871 7.097 0
30.72 2.781 7032.371785714266 3384.176593632328 1760.1001799058915 3292.935886258671 4132.216422222234 191.1430189 9.137 0
60.95 3.386 245.11 524.36 12.79 3292.935886258671 2033.45 214.7618295 8.839 0
56.2 3.268 720.82 1629.26 1.46 16.05 799.5 223.4700552 6.833 0
43.43 2.805 7032.371785714266 3384.176593632328 1760.1001799058915 3292.935886258671 4132.216422222234 135.6270013 8.283 0
64.74 3.734 4298.16 7.5 2.02 2724.65 2017.69 221.2118132 7.348 0
89.58 2.664 7032.371785714266 3384.176593632328 1760.1001799058915 3292.935886258671 4132.216422222234 211.2596586 8.099 0
90.82 3.087 7032.371785714266 3384.176593632328 1760.1001799058915 3292.935886258671 4132.216422222234 126.1019355 9.495 0
51.92 3.63 5483.84 251.0 6.18 677.62 4183.31 172.46080918276078 7.826821038790305 0
45.31 2.561 7032.371785714266 3384.176593632328 1760.1001799058915 3292.935886258671 4132.216422222234 210.9759573 8.324 0
78.16 3.256 4989.73 125.2 15.75 3398.73 105223.11 220.6063444 6.623 0
68.83 3.891 4876.77 3384.176593632328 10.0 1201.8 8545.16 225.1820555 5.539 0
51.26 3.297 179.25 944.52 3.06 3292.935886258671 2836.25 209.6632811 10.148 0
51.35 3.606 6155.01 3384.176593632328 166.85 328.27 9234.0 224.6359852 6.237 0
87.17 2.608 7032.371785714266 3384.176593632328 1760.1001799058915 3292.935886258671 4132.216422222234 210.8921319 8.099 0
70.77 2.691 7032.371785714266 3384.176593632328 1760.1001799058915 3292.935886258671 4132.216422222234 189.774698 7.335 0
80.06 4.277 11614.41 3384.176593632328 172.39 2945.55 1528.02 130.9592258 7.382 0
42.17 3.644 8374.63 15.85 573.92 5849.71 37581.27 129.8555333 12.89 0
36.05 3.563 16517.47 25386.59 103.38 75.21 5831.36 142.5385253 8.665 1
70.01 3.798 8940.48 3384.176593632328 63.86 885.58 2768.33 138.1138065 9.14 0
85.66 3.571 254.74 3384.176593632328 11.9 3292.935886258671 792.66 213.4226959 9.285 0
48.02 3.409 13925.06 6927.23 101.64 8471.88 6886.04 220.2651783 7.348 1
51.14 2.885 7032.371785714266 3384.176593632328 1760.1001799058915 3292.935886258671 4132.216422222234 135.82725 8.348 0
84.71 3.648 7032.371785714266 3384.176593632328 1760.1001799058915 3292.935886258671 4132.216422222234 214.6964908 7.931 0
88.0 3.913 7032.371785714266 3384.176593632328 1760.1001799058915 3292.935886258671 4132.216422222234 129.3686129 13.503 1
64.0 3.734 2588.06 80.89 3.2 909.76 491.83 224.7166953 6.833 0
74.32 3.567 4170.08 227.91 14.1 3456.58 2629.71 214.7331351 7.28 0
60.93 2.711 7032.371785714266 3384.176593632328 1760.1001799058915 3292.935886258671 4132.216422222234 189.5231276 7.335 0
48.86 3.129 4241.32 58046.41 239.33 78.09 586.72 223.0090839 7.197 1
11.17 3.24 7032.371785714266 3384.176593632328 1760.1001799058915 3292.935886258671 4132.216422222234 133.1834194 7.907 0
76.2 3.12 7032.371785714266 3384.176593632328 1760.1001799058915 3292.935886258671 4132.216422222234 126.1843871 14.099 0
43.43 2.805 7032.371785714266 3384.176593632328 1760.1001799058915 3292.935886258671 4132.216422222234 131.784 10.064 0
76.42 3.786 7032.371785714266 3384.176593632328 1760.1001799058915 3292.935886258671 4132.216422222234 215.1544822 7.931 0
64.54 3.63 892.47 18.92 2.9 3292.935886258671 3369.86 219.5340975 7.244 0
73.7 3.8 4599.86 858.14 6.5 2999.23 2917.28 172.46080918276078 7.826821038790305 0
55.99 3.668 3016.57 232.92 118.16 4.88 707.44 172.46080918276078 7.826821038790305 0
53.35 3.381 7032.371785714266 3384.176593632328 1760.1001799058915 3292.935886258671 4132.216422222234 127.859129 8.951 1
46.1 2.561 7032.371785714266 3384.176593632328 1760.1001799058915 3292.935886258671 4132.216422222234 210.9759573 8.324 0
52.05 2.561 7032.371785714266 3384.176593632328 1760.1001799058915 3292.935886258671 4132.216422222234 214.6475127 7.368 0
47.28 2.962 7032.371785714266 3384.176593632328 1760.1001799058915 3292.935886258671 4132.216422222234 126.2085484 6.635 0
37.08 3.2 7032.371785714266 3384.176593632328 1760.1001799058915 3292.935886258671 4132.216422222234 132.7566667 8.275 0
50.46 3.779 2228.83 3384.176593632328 23.32 1534.31 4451.29 198.8221322 5.847 0
45.01 3.22 5889.35 3204.02 1760.1001799058915 3065.59 1936.25 132.0922903 8.934 0
70.87 3.437 3417.8 450.88 34.52 521.72 2868.88 172.46080918276078 7.826821038790305 0
59.61 2.728 7032.371785714266 3384.176593632328 1760.1001799058915 3292.935886258671 4132.216422222234 212.003944 7.838 0
59.54 3.661 7032.371785714266 3384.176593632328 1760.1001799058915 3292.935886258671 4132.216422222234 192.9982655 6.934 0
87.3 3.4 466.05 3384.176593632328 1.71 3292.935886258671 188.57 172.46080918276078 7.826821038790305 0
39.28 3.273 1358.95 3015.89 27.49 255.88 2402.57 130.2792258 9.653 0
70.03 3.236 531.09 74.35 71081.98 3.0 1676.85 221.9011185 7.197 1
48.56 2.831 7032.371785714266 3384.176593632328 1760.1001799058915 3292.935886258671 4132.216422222234 131.863129 10.064 0
44.13 3.92 6831.83 3384.176593632328 368.29 2410.23 13504.05 142.4227071 8.0 0
15.02 3.037 7032.371785714266 3384.176593632328 1760.1001799058915 3292.935886258671 4132.216422222234 191.8572881 6.614 1
57.84 3.683 5833.29 153.8 254.03 851.83 3785.07 138.1295333 7.489 0
70.04 3.386 17.01 3384.176593632328 52.75 3292.935886258671 1080.43 172.46080918276078 7.826821038790305 0
84.76 3.595 7032.371785714266 3384.176593632328 5.97 3292.935886258671 628.99 130.737871 7.17 0
34.04 3.966 1577.33 3384.176593632328 4241.0 130.62 4568.23 138.4020333 7.992 0
60.43 3.236 7032.371785714266 3384.176593632328 1760.1001799058915 3292.935886258671 4132.216422222234 126.9835806 9.265 0
35.96 3.563 12751.77 24656.74 230.07 31.46 1654.14 192.5592643 8.667 1
75.27 3.454 9700.29 903.94 4.4 1438.39 7241.75 172.46080918276078 7.826821038790305 0
38.64 3.354 24118.77 1767.26 91.24 14240.58 3833.23 130.3496774 9.653 0
80.4 3.358 318.51 3384.176593632328 1760.1001799058915 3292.935886258671 1805.33 220.4886472 6.989 0
74.16 3.274 7032.371785714266 3384.176593632328 1760.1001799058915 3292.935886258671 4132.216422222234 216.0885258 7.716 0
86.55 3.417 5683.49 37.2 0.04 2484.22 639.29 225.4636332 6.334 0
74.61 3.889 2750.99 3384.176593632328 196.72 39.17 1262.38 132.7160968 6.791 0
88.16 3.76 27801.87 28.5 76.11 8969.45 5970.49 130.737871 10.926 0
48.69 3.636 7032.371785714266 3384.176593632328 1760.1001799058915 3292.935886258671 4132.216422222234 192.5234638 8.595 0
74.86 2.835 7032.371785714266 3384.176593632328 1760.1001799058915 3292.935886258671 4132.216422222234 209.1215867 8.464 0
66.68 3.771 3377.69 278.62 891.2 469.78 1316.6 172.46080918276078 7.826821038790305 0
73.77 3.688 8351.4 3384.176593632328 10.52 2443.14 3127.88 221.7256632 7.143 0
70.06 3.888 252.98 36.03 1760.1001799058915 3292.935886258671 6621.24 220.3014485 6.989 0
79.61 3.717 7571.95 32.98 19.52 707.47 8664.16 226.1122067 6.334 0
63.39 3.734 6510.79 158.12 5.86 2972.55 6576.96 220.8498468 7.057 0
50.36 3.575 3949.07 3384.176593632328 489.46 182.0 7265.39 132.5914516 3.921 0
45.91 3.597 2810.86 1405.04 -179.26 63.12 3593.56 228.2054451 5.049 0
64.5 3.985 6855.08 3384.176593632328 3.66 2468.47 2737.33 142.8516833 8.665 0
67.13 2.805 7032.371785714266 3384.176593632328 1760.1001799058915 3292.935886258671 4132.216422222234 132.4733333 10.16 0
76.91 2.784 7032.371785714266 3384.176593632328 1760.1001799058915 3292.935886258671 4132.216422222234 136.4366924 8.433 0
68.52 3.874 842.8 63.4 32.68 460.81 3260.03 138.2814516 8.535 0
22.41 3.367 7032.371785714266 3384.176593632328 1760.1001799058915 3292.935886258671 4132.216422222234 132.9510645 8.252 0
57.25 3.72 4055.58 174.82 323.77 864.21 7642.23 172.46080918276078 7.826821038790305 0
89.83 3.575 7032.371785714266 3384.176593632328 1760.1001799058915 3292.935886258671 4132.216422222234 215.0134426 7.852 0
88.44 3.112 7032.371785714266 3384.176593632328 1760.1001799058915 3292.935886258671 4132.216422222234 126.1283548 9.199 0
75.59 3.553 7032.371785714266 3384.176593632328 1760.1001799058915 3292.935886258671 4132.216422222234 129.1338387 6.877 0
55.02 3.168 2645.91 3384.176593632328 276.04 317.39 8830.77 222.3838038 6.228 0
70.79 4.099 7032.371785714266 559.24 4.87 3292.935886258671 551.88 131.2362258 6.943 0
90.27 3.651 7032.371785714266 3384.176593632328 1760.1001799058915 3292.935886258671 4132.216422222234 215.0749122 7.852 0
44.12 3.158 2546.5 3384.176593632328 83.07 523.27 3118.64 219.540637 6.3 0
90.22 3.682 7032.371785714266 3384.176593632328 1760.1001799058915 3292.935886258671 4132.216422222234 217.0241507 6.925 0
54.37 3.532 7032.371785714266 3384.176593632328 1760.1001799058915 3292.935886258671 4132.216422222234 193.3125484 8.622 0
61.51 2.72 7032.371785714266 3384.176593632328 1760.1001799058915 3292.935886258671 4132.216422222234 214.5301219 7.368 0
52.5 3.529 260.7 3384.176593632328 0.99 3292.935886258671 469.46 130.8261935 5.774 0
36.36 3.595 908.65 7854.23 2.66 69.22 1126.49 138.6079032 8.951 0
54.09 3.601 4017.1 3.0 38.34 969.5 1746.41 172.46080918276078 7.826821038790305 0
76.1 3.717 11871.81 11.76 112.13 1166.35 6254.74 222.2174395 6.565 0
80.19 3.467 7032.371785714266 3384.176593632328 1760.1001799058915 3292.935886258671 4132.216422222234 219.7414914 7.567 0
43.49 3.577 3976.86 104.92 385.16 27.67 4739.26 216.4774481 7.293 0
21.84 3.391 7032.371785714266 3384.176593632328 1760.1001799058915 3292.935886258671 4132.216422222234 133.0285161 7.771 0
44.04 3.016 7032.371785714266 3384.176593632328 1760.1001799058915 3292.935886258671 4132.216422222234 211.8272343 7.742 0
50.31 3.678 4083.79 24.55 40.0 41.05 411.72 143.2200737 7.176 0
70.99 3.577 5142.08 329.04 0.27 565.5 1957.42 138.1962667 9.14 0
51.41 2.771 7032.371785714266 3384.176593632328 1760.1001799058915 3292.935886258671 4132.216422222234 211.8896737 7.838 0
37.85 3.566 3650.53 50076.68 271.89 1009.78 1773.53 140.5874505 7.906 1
29.28 3.605 7032.371785714266 3384.176593632328 1760.1001799058915 3292.935886258671 4132.216422222234 133.6141429 7.771 0
82.29 2.669 7032.371785714266 3384.176593632328 1760.1001799058915 3292.935886258671 4132.216422222234 210.8803726 8.099 0
76.08 3.666 3666.27 7.64 1.65 1417.96 4744.28 222.9816579 6.908 0
27.74 3.309 7032.371785714266 3384.176593632328 1760.1001799058915 3292.935886258671 4132.216422222234 132.7477419 8.275 0
69.52 3.506 512.23 3.0 8.0 3292.935886258671 1666.38 227.2328068 4.954 0
67.2 3.814 3076.68 3384.176593632328 38.32 108.71 2708.9 221.255812 6.891 0
