45.29 2.776 7032.371785714266 3384.176593632328 1760.1001799058915 3292.935886258671 4132.216422222234 189.6190057 7.363 0
56.96 3.674 7032.371785714266 3384.176593632328 1760.1001799058915 3292.935886258671 4132.216422222234 128.26475 8.744 0
53.57 3.75 3331.15 3384.176593632328 3.96 120.51 3218.33 199.1481963 7.557 0
60.98 3.809 7032.371785714266 3384.176593632328 1760.1001799058915 3292.935886258671 4132.216422222234 136.2745806 7.767 1
88.0 3.913 7032.371785714266 3384.176593632328 1760.1001799058915 3292.935886258671 4132.216422222234 129.3686129 13.503 1
83.63 3.526 7032.371785714266 3384.176593632328 1760.1001799058915 3292.935886258671 4132.216422222234 219.3972867 7.567 0
25.61 3.056 1074.17 27.6 48.39 3292.935886258671 545.15 130.244 5.774 0
46.63 2.561 7032.371785714266 3384.176593632328 1760.1001799058915 3292.935886258671 4132.216422222234 211.3196429 8.106 0
55.32 3.386 6766.44 5147.7 50.82 3639.9 2737.42 223.4627793 6.573 0
70.87 2.835 7032.371785714266 3384.176593632328 1760.1001799058915 3292.935886258671 4132.216422222234 210.0011018 8.2 0
71.1 3.666 5518.65 1.91 0.55 1103.02 2049.02 226.5675714 5.401 0
56.49 2.764 7032.371785714266 3384.176593632328 1760.1001799058915 3292.935886258671 4132.216422222234 182.7640032 8.724 0
91.61 4.014 576.0 3384.176593632328 1760.1001799058915 3292.935886258671 2241.95 130.7929 11.627 0
75.2 3.827 7032.371785714266 3384.176593632328 1760.1001799058915 3292.935886258671 4132.216422222234 139.7006325 8.023 0
85.79 3.784 7032.371785714266 3384.176593632328 1760.1001799058915 3292.935886258671 4132.216422222234 129.4306 8.442 0
74.15 3.506 6569.4 605.7 1760.1001799058915 561.31 4567.03 214.6466757 7.139 0
78.19 3.431 7858.76 704.05 445.61 2701.17 3797.25 172.46080918276078 7.826821038790305 0
62.72 2.689 7032.371785714266 3384.176593632328 1760.1001799058915 3292.935886258671 4132.216422222234 210.7202444 8.476 0
90.16 3.638 7032.371785714266 3384.176593632328 1760.1001799058915 3292.935886258671 4132.216422222234 216.1678032 6.529 0
40.34 3.607 22840.49 6.72 17.07 6295.75 2248.82 201.2410473 7.107 0
50.31 3.678 1024.31 123.07 20.0 206.77 642.13 139.1226129 8.78 0
53.11 3.48 7032.371785714266 3384.176593632328 1760.1001799058915 3292.935886258671 4132.216422222234 128.6160645 10.398 0
76.97 2.826 7032.371785714266 3384.176593632328 1760.1001799058915 3292.935886258671 4132.216422222234 213.9116886 7.343 0
60.52 3.809 7032.371785714266 3384.176593632328 1760.1001799058915 3292.935886258671 4132.216422222234 136.3145 4.584 0
63.38 4.056 7150.28 106.01 19.0 1217.3 7556.34 142.6798167 7.753 0
41.34 3.727 1044.85 2.48 76843.7 221.02 397.21 142.4694405 7.543 1
33.73 3.116 9264.48 8292.73 179.72 18849.21 9083.54 130.3849032 6.104 1
66.96 3.721 3913.12 5.73 2.28 3292.935886258671 6984.96 226.3645848 5.401 0
63.2 4.134 7032.371785714266 3384.176593632328 1760.1001799058915 3292.935886258671 4132.216422222234 134.7677742 7.658 0
72.74 2.603 7032.371785714266 3384.176593632328 1760.1001799058915 3292.935886258671 4132.216422222234 210.4404433 8.476 0
48.93 3.854 7612.73 3384.176593632328 43.82 897.11 5294.18 197.5971285 6.169 0
89.57 3.494 8467.09 27.6 7.17 4045.91 4196.28 221.5954138 6.565 0
78.72 3.981 7032.371785714266 3384.176593632328 1760.1001799058915 3292.935886258671 4132.216422222234 129.0357097 13.736 0
77.41 3.614 6333.87 138.09 610.35 7224.45 728.0 172.46080918276078 7.826821038790305 0
26.47 3.389 5562.36 222.94 16380.88 2303.32 17707.05 129.8459667 6.617 0
39.81 3.663 7032.371785714266 3384.176593632328 1760.1001799058915 3292.935886258671 4132.216422222234 192.6243322 6.934 0
67.31 3.805 7032.371785714266 3384.176593632328 1760.1001799058915 3292.935886258671 4132.216422222234 129.7706452 12.89 0
70.99 3.577 5142.08 329.04 0.27 565.5 1957.42 138.1962667 9.14 0
35.38 3.145 16404.54 12013.87 3.4 2584.12 5126.53 130.5502069 6.104 0
92.89 2.978 7032.371785714266 3384.176593632328 1760.1001799058915 3292.935886258671 4132.216422222234 126.1392 9.199 0
54.47 4.0 3214.56 3384.176593632328 20.28 822.73 7207.7 192.3272654 8.667 0
83.58 3.638 394.74 3384.176593632328 4.9 134.07 1892.82 221.9415576 6.565 0
81.87 3.893 7032.371785714266 3384.176593632328 1760.1001799058915 3292.935886258671 4132.216422222234 129.0490323 8.494 0
74.43 3.82 6705.0 282.26 5.43 4414.95 4550.07 138.2033871 8.193 0
82.13 2.577 7032.371785714266 3384.176593632328 1760.1001799058915 3292.935886258671 4132.216422222234 210.2966631 8.36 0
36.25 4.079 7463.25 1240.37 0.8 3203.05 1626.23 138.8684286 8.75 0
76.05 3.639 4842.29 975.03 3.0 2449.97 3169.69 172.46080918276078 7.826821038790305 0
69.16 3.784 7032.371785714266 3384.176593632328 1760.1001799058915 3292.935886258671 4132.216422222234 136.2440968 9.863 0
29.59 3.179 7032.371785714266 3384.176593632328 1760.1001799058915 3292.935886258671 4132.216422222234 136.665265 8.763 1
68.96 3.454 4828.72 77.27 9.6 740.82 3053.03 172.46080918276078 7.826821038790305 0
80.76 3.431 623.45 25.93 111.81 596.15 951.43 172.46080918276078 7.826821038790305 0
73.29 3.518 4191.78 440.36 173.66 534.56 2252.18 172.46080918276078 7.826821038790305 0
50.6 3.804 5126.54 3384.176593632328 90.05 483.27 2236.31 197.5886046 8.09 0
34.89 2.754 7032.371785714266 3384.176593632328 1760.1001799058915 3292.935886258671 4132.216422222234 182.0774691 8.992 0
50.78 2.718 7032.371785714266 3384.176593632328 1760.1001799058915 3292.935886258671 4132.216422222234 126.4364194 10.21 0
28.7 3.4 7032.371785714266 3384.176593632328 1760.1001799058915 3292.935886258671 4132.216422222234 137.0542431 7.827 0
41.45 3.605 30780.8 6529.64 8.24 6434.82 3124.97 192.8095068 8.625 0
58.51 3.798 4810.9 3.0 110.44 662.3 2964.12 138.1138065 7.489 0
73.41 3.819 36466.8 220.13 41.77 16284.94 2242.89 138.1735806 8.193 0
33.47 3.64 9804.0 13171.55 132.42 16864.33 7535.63 213.1186138 6.961 1
83.17 3.62 1966.46 609.55 91.0 493.6 2416.2 172.46080918276078 7.826821038790305 0
83.26 3.877 7032.371785714266 3384.176593632328 1760.1001799058915 3292.935886258671 4132.216422222234 129.6060667 13.503 0
45.87 3.461 7032.371785714266 3384.176593632328 1760.1001799058915 3292.935886258671 4132.216422222234 128.3995 10.398 0
55.58 3.495 7032.371785714266 3384.176593632328 1760.1001799058915 3292.935886258671 4132.216422222234 128.5121935 10.398 0
57.18 3.129 5.92 2257.39 2.86 3292.935886258671 1024.9 218.4062876 7.244 0
76.41 3.778 12403.94 3807.42 820.9 10917.69 2649.91 172.46080918276078 7.826821038790305 0
71.69 3.643 7457.06 1878.56 204.95 5000.48 2795.19 172.46080918276078 7.826821038790305 0
41.93 2.86 7032.371785714266 3384.176593632328 1760.1001799058915 3292.935886258671 4132.216422222234 126.7934 10.21 0
59.58 3.288 7032.371785714266 3384.176593632328 1760.1001799058915 3292.935886258671 4132.216422222234 213.8233327 7.742 0
83.4 3.966 1105.36 3384.176593632328 1760.1001799058915 3292.935886258671 495.17 130.9776667 7.147 0
66.27 3.906 7032.371785714266 3384.176593632328 1760.1001799058915 3292.935886258671 4132.216422222234 216.3655877 6.489 0
67.39 3.613 7032.371785714266 3384.176593632328 1760.1001799058915 3292.935886258671 4132.216422222234 129.0894 6.745 0
56.02 3.098 8231.71 3384.176593632328 274.0 358.15 2834.02 223.8398455 6.573 0
90.3 2.627 7032.371785714266 3384.176593632328 1760.1001799058915 3292.935886258671 4132.216422222234 211.1608049 8.099 0
36.13 2.919 7032.371785714266 3384.176593632328 1760.1001799058915 3292.935886258671 4132.216422222234 132.8170968 8.149 0
73.26 3.881 7032.371785714266 3384.176593632328 1760.1001799058915 3292.935886258671 4132.216422222234 138.8606382 8.512 0
51.66 2.732 7032.371785714266 3384.176593632328 1760.1001799058915 3292.935886258671 4132.216422222234 210.6766095 8.324 0
58.06 3.211 2280.54 2.49 105146.3 927.97 1253.85 223.1957173 6.17 1
66.09 2.808 7032.371785714266 3384.176593632328 1760.1001799058915 3292.935886258671 4132.216422222234 214.0001817 6.384 0
44.42 2.948 7032.371785714266 3384.176593632328 1760.1001799058915 3292.935886258671 4132.216422222234 126.2898 8.107 0
83.63 3.044 7032.371785714266 3384.176593632328 1760.1001799058915 3292.935886258671 4132.216422222234 126.1145806 14.18 1
69.18 3.787 460.73 3384.176593632328 0.68 3292.935886258671 1560.28 219.9705599 7.244 0
62.24 3.098 3158.68 104.92 388.19 3.96 3107.24 222.5039579 6.228 0
73.08 3.462 1835.31 3384.176593632328 1760.1001799058915 3292.935886258671 1537.86 172.46080918276078 7.826821038790305 0
73.56 4.193 7032.371785714266 3384.176593632328 1760.1001799058915 3292.935886258671 4132.216422222234 129.0444333 8.494 0
57.03 3.581 2475.11 3384.176593632328 7879.62 438.16 31990.74 131.4275333 10.199 0
43.35 3.48 1328.51 1297.28 -0.73 41.34 774.32 131.747 10.199 1
72.63 3.82 2565.8 442.52 6.5 487.66 4076.68 130.9670968 4.607 0
30.07 3.147 20297.6 52850.71 828.32 50.19 1947.25 131.747 5.621 1
76.03 2.781 7032.371785714266 3384.176593632328 1760.1001799058915 3292.935886258671 4132.216422222234 204.605272 7.527 0
50.33 3.243 4086.34 19143.47 2.17 832.97 3878.6 227.7579379 6.108 0
76.0 3.911 11678.32 3384.176593632328 53.35 1976.76 8415.89 142.500303 8.839 1
65.7 2.857 7032.371785714266 3384.176593632328 1760.1001799058915 3292.935886258671 4132.216422222234 132.3648387 5.435 0
52.88 2.949 7032.371785714266 3384.176593632328 1760.1001799058915 3292.935886258671 4132.216422222234 210.182398 8.476 1
85.78 3.407 7017.6 203.26 8.11 17151.91 3340.02 223.5516178 5.668 0
50.02 3.892 7032.371785714266 3384.176593632328 1760.1001799058915 3292.935886258671 4132.216422222234 138.2475036 8.512 0
52.86 3.903 10188.76 3384.176593632328 308.08 5903.45 2996.97 197.6063534 6.547 0
49.39 3.834 13835.16 237.82 51.29 6519.99 5196.47 131.3258 10.199 0
78.87 3.546 7032.371785714266 3384.176593632328 1760.1001799058915 3292.935886258671 4132.216422222234 215.5148295 7.852 1
35.78 3.413 159.95 12.79 2083.28 71.51 2131.65 136.5883871 8.471 0
84.94 2.577 7032.371785714266 3384.176593632328 1760.1001799058915 3292.935886258671 4132.216422222234 214.8481685 7.346 0
61.65 3.63 3552.58 601.32 1760.1001799058915 2666.22 1524.87 224.3470245 6.833 0
57.83 3.668 68.01 3384.176593632328 2.0 3292.935886258671 966.79 131.4784 10.199 0
55.22 3.585 460.9 250.72 13.75 310.91 778.74 172.46080918276078 7.826821038790305 0
84.99 3.73 2266.83 19.0 8.31 419.87 926.86 225.9660263 6.334 1
68.08 3.809 7032.371785714266 3384.176593632328 1760.1001799058915 3292.935886258671 4132.216422222234 136.3145 9.863 0
59.96 3.597 2005.31 1497.57 1760.1001799058915 122.48 527.75 227.9602222 6.108 0
67.64 3.916 7032.371785714266 3384.176593632328 1760.1001799058915 3292.935886258671 4132.216422222234 135.4468 7.806 0
39.38 3.487 7032.371785714266 3384.176593632328 1760.1001799058915 3292.935886258671 4132.216422222234 128.7199355 6.774 0
40.57 3.798 8172.0 7946.12 8.6 4105.5 2873.45 142.7320173 7.945 0
82.82 2.941 7032.371785714266 3384.176593632328 1760.1001799058915 3292.935886258671 4132.216422222234 126.1360645 9.524 0
82.84 3.737 2961.49 1047.07 204.19 363.0 1059.46 172.46080918276078 7.826821038790305 0
61.39 3.732 7032.371785714266 3384.176593632328 1760.1001799058915 3292.935886258671 4132.216422222234 129.0357097 6.906 0
59.58 3.288 7032.371785714266 3384.176593632328 1760.1001799058915 3292.935886258671 4132.216422222234 213.8233327 7.742 0
73.95 3.891 16.33 3384.176593632328 24.05 3292.935886258671 2119.5 220.1204125 6.989 0
55.31 3.658 45591.46 212.69 79.91 8383.35 3778.9 226.3335 5.372 0
75.24 2.793 7032.371785714266 3384.176593632328 1760.1001799058915 3292.935886258671 4132.216422222234 204.3625658 7.527 0
61.9 3.314 9497.69 2711.51 109.45 7185.16 6480.49 223.1153944 6.17 0
38.16 3.112 1234.0 0.3 891.94 14.0 5884.24 222.8743862 6.123 0
56.02 3.098 8231.71 3384.176593632328 274.0 358.15 2834.02 223.8398455 6.573 0
72.49 2.642 7032.371785714266 3384.176593632328 1760.1001799058915 3292.935886258671 4132.216422222234 214.4729952 6.315 0
64.8 3.842 2489.9 3384.176593632328 3.98 16.6 821.26 131.1266667 5.621 0
45.84 3.867 9284.23 167.65 4.93 2554.94 2070.14 137.5843871 8.075 0
78.85 3.346 5146.44 124.95 2.97 1409.95 3956.16 225.3558843 5.679 0
29.75 3.161 1048.19 22791.26 16.63 3292.935886258671 3751.39 227.6861313 5.212 0
38.16 3.461 7032.371785714266 3384.176593632328 1760.1001799058915 3292.935886258671 4132.216422222234 192.2691707 6.934 0
66.43 3.985 7032.371785714266 3384.176593632328 1760.1001799058915 3292.935886258671 4132.216422222234 138.6782834 8.512 0
87.51 3.346 184.26 3384.176593632328 3.2 3292.935886258671 1298.9 213.2123786 9.575 0
50.23 2.825 7032.371785714266 3384.176593632328 1760.1001799058915 3292.935886258671 4132.216422222234 126.5522857 13.975 0
89.83 3.575 7032.371785714266 3384.176593632328 1760.1001799058915 3292.935886258671 4132.216422222234 215.0134426 7.852 0
85.0 3.62 1394.82 138.71 12.0 970.77 6859.07 172.46080918276078 7.826821038790305 0
67.21 3.798 5370.39 3384.176593632328 361.22 1287.62 2461.81 191.0028096 8.567 0
69.92 3.285 7032.371785714266 3384.176593632328 1760.1001799058915 3292.935886258671 4132.216422222234 216.6958311 7.441 0
67.83 3.632 9352.25 846.9 674.77 6346.04 3019.37 172.46080918276078 7.826821038790305 0
29.87 2.91 7032.371785714266 3384.176593632328 1760.1001799058915 3292.935886258671 4132.216422222234 131.686 8.35 0
47.21 3.666 4825.79 126.88 1601.23 6002.36 19966.73 136.4909333 8.454 0
68.55 3.867 11407.22 15.4 68.64 3827.68 2540.33 215.0878309 7.28 0
64.08 2.83 7032.371785714266 3384.176593632328 1760.1001799058915 3292.935886258671 4132.216422222234 132.4357419 9.269 0
18.8 3.402 4124.23 34472.24 159.04 799.85 2194.68 136.6432581 7.598 1
71.01 3.743 7032.371785714266 3384.176593632328 1760.1001799058915 3292.935886258671 4132.216422222234 214.9420631 7.931 0
65.74 2.77 7032.371785714266 3384.176593632328 1760.1001799058915 3292.935886258671 4132.216422222234 210.2831653 8.2 0
59.08 3.54 7032.371785714266 3384.176593632328 1760.1001799058915 3292.935886258671 4132.216422222234 193.1878448 8.622 0
73.62 3.82 4638.37 501.84 15.86 4124.82 4218.24 138.2033871 8.953 0
18.14 2.771 7032.371785714266 3384.176593632328 1760.1001799058915 3292.935886258671 4132.216422222234 131.5866129 8.488 1
88.09 3.407 7903.89 12.92 3.43 10055.75 4183.82 221.5785461 6.565 0
48.72 3.626 2316.59 3384.176593632328 29.4 87.93 1270.04 139.1226129 8.78 0
69.01 3.546 7032.371785714266 3384.176593632328 1760.1001799058915 3292.935886258671 4132.216422222234 219.2604355 6.425 1
30.77 3.868 10872.53 124.06 23.11 1415.75 2725.28 138.8524286 3.932 0
57.75 3.308 32.13 3.37 2.56 3292.935886258671 1004.04 209.8651071 10.148 0
86.64 3.48 7032.371785714266 3384.176593632328 1760.1001799058915 3292.935886258671 4132.216422222234 215.8409491 6.529 0
54.06 3.252 201.03 52.11 13.61 3292.935886258671 1321.18 223.1469028 6.17 0
73.56 4.193 7032.371785714266 3384.176593632328 1760.1001799058915 3292.935886258671 4132.216422222234 129.0444333 8.494 0
78.91 3.355 7032.371785714266 3384.176593632328 1760.1001799058915 3292.935886258671 4132.216422222234 216.3620333 7.852 0
58.38 3.386 13494.41 15350.17 34.79 5549.32 6682.4 225.0871495 5.329 0
58.53 3.227 1743.87 2148.31 1760.1001799058915 47.22 6828.36 227.7847527 6.108 0
81.91 3.257 3725.46 52.2 1760.1001799058915 343.56 3814.45 130.7562667 9.575 0
57.87 3.417 1954.39 14.6 7.21 4.46 1173.96 223.8693849 6.237 1
73.2 3.886 7032.371785714266 3384.176593632328 1760.1001799058915 3292.935886258671 4132.216422222234 135.6283333 7.806 0
84.79 3.571 4774.16 330.78 10.53 4253.28 4927.26 221.6751459 6.565 0
69.92 3.285 7032.371785714266 3384.176593632328 1760.1001799058915 3292.935886258671 4132.216422222234 216.6958311 7.441 0
34.08 3.784 8101.96 3384.176593632328 369.83 825.69 1389.48 217.5753932 7.439 0
55.35 3.603 6233.29 281.88 59.27 894.51 4132.07 172.46080918276078 7.826821038790305 0
80.7 2.668 7032.371785714266 3384.176593632328 1760.1001799058915 3292.935886258671 4132.216422222234 212.0142605 6.465 0
87.5 3.533 7032.371785714266 3384.176593632328 1760.1001799058915 3292.935886258671 4132.216422222234 214.5516896 8.177 0
87.83 3.4 142.96 3384.176593632328 29.46 3292.935886258671 7035.07 172.46080918276078 7.826821038790305 0
48.26 3.243 5510.29 33063.57 -0.86 693.1 3418.77 225.8320114 5.372 0
85.22 2.619 7032.371785714266 3384.176593632328 1760.1001799058915 3292.935886258671 4132.216422222234 211.5673056 7.787 0
25.61 3.056 3627.07 14887.88 119.93 798.48 4668.82 130.244 6.104 0
35.7 2.654 7032.371785714266 3384.176593632328 1760.1001799058915 3292.935886258671 4132.216422222234 126.5262857 8.316 0
51.8 3.781 647.57 580.69 5.72 2.0 2761.19 130.4546207 12.187 0
70.15 3.127 7032.371785714266 3384.176593632328 1760.1001799058915 3292.935886258671 4132.216422222234 126.2898 14.099 0
36.28 3.402 2168.59 17155.07 47.22 332.96 1792.92 136.6432581 9.357 1
76.1 3.837 7032.371785714266 3384.176593632328 1760.1001799058915 3292.935886258671 4132.216422222234 214.3580974 8.3 0
37.08 3.666 3504.09 11505.42 291.37 1698.88 5451.32 136.753 7.943 0
37.89 3.713 9662.58 3384.176593632328 2361.57 1476.42 4082.28 138.4020333 9.151 0
45.22 2.915 7032.371785714266 3384.176593632328 1760.1001799058915 3292.935886258671 4132.216422222234 126.5621 6.635 0
23.87 3.533 577.2 3417.28 4.0 5.85 1684.31 212.8336399 6.961 0
68.99 2.77 7032.371785714266 3384.176593632328 1760.1001799058915 3292.935886258671 4132.216422222234 136.557015 8.433 0
4.0 2.872 717.12 1046.55 0.6 20.88 826.28 200.815099 7.107 0
64.54 3.63 892.47 18.92 2.9 3292.935886258671 3369.86 219.5340975 7.244 0
53.59 3.675 3242.59 1646.86 1760.1001799058915 45.8 1691.83 130.3144516 7.545 0
78.32 3.12 7032.371785714266 3384.176593632328 1760.1001799058915 3292.935886258671 4132.216422222234 126.1843871 9.524 0
48.93 3.854 7612.73 3384.176593632328 43.82 897.11 5294.18 197.5971285 6.169 0
82.99 3.475 5878.09 169.0 64.36 2996.47 5477.04 191.1338827 8.684 0
81.2 3.422 13839.91 209.78 603.52 10909.95 4504.33 172.46080918276078 7.826821038790305 0
54.12 4.056 3688.63 7.64 1760.1001799058915 693.23 4870.36 138.6534 4.156 0
79.85 3.422 7649.99 3503.29 1766.77 9454.96 1079.89 172.46080918276078 7.826821038790305 0
75.22 3.506 3291.36 425.6 1760.1001799058915 314.88 2255.34 191.0992462 8.567 0
52.52 2.843 7032.371785714266 3384.176593632328 1760.1001799058915 3292.935886258671 4132.216422222234 203.4475786 10.21 0
43.29 3.6 152.89 3384.176593632328 1760.1001799058915 2.28 766.96 129.8980645 12.89 0
71.01 3.743 7032.371785714266 3384.176593632328 1760.1001799058915 3292.935886258671 4132.216422222234 214.9420631 7.931 0
52.27 4.178 15046.69 2131.62 12.84 4574.95 3428.27 130.6457931 12.187 0
70.38 2.837 7032.371785714266 3384.176593632328 1760.1001799058915 3292.935886258671 4132.216422222234 136.6212085 7.982 1
65.71 3.595 7032.371785714266 3384.176593632328 1760.1001799058915 3292.935886258671 4132.216422222234 129.1846452 6.745 0
49.97 2.886 7032.371785714266 3384.176593632328 1760.1001799058915 3292.935886258671 4132.216422222234 211.0646599 8.163 0
83.82 3.699 7032.371785714266 3384.176593632328 1760.1001799058915 3292.935886258671 4132.216422222234 214.9254865 7.931 0
53.9 3.583 7032.371785714266 3384.176593632328 1760.1001799058915 3292.935886258671 4132.216422222234 136.5150968 4.42 0
53.63 4.078 7032.371785714266 3384.176593632328 1760.1001799058915 3292.935886258671 4132.216422222234 138.4131202 8.252 0
56.75 3.336 7032.371785714266 3384.176593632328 1760.1001799058915 3292.935886258671 4132.216422222234 127.4404839 8.744 0
46.57 2.884 7032.371785714266 3384.176593632328 1760.1001799058915 3292.935886258671 4132.216422222234 126.8794839 7.127 0
76.2 3.439 13644.9 900.33 221.4 8826.14 7275.75 172.46080918276078 7.826821038790305 0
93.34 3.684 7032.371785714266 3384.176593632328 1760.1001799058915 3292.935886258671 4132.216422222234 215.1978515 7.852 0
50.74 3.342 7032.371785714266 3384.176593632328 1760.1001799058915 3292.935886258671 4132.216422222234 127.5800323 14.021 0
25.22 3.579 589.55 764.19 0.5 3.97 796.07 138.7333871 8.951 0
64.99 2.633 7032.371785714266 3384.176593632328 1760.1001799058915 3292.935886258671 4132.216422222234 212.3019522 6.768 0
78.37 2.715 7032.371785714266 3384.176593632328 1760.1001799058915 3292.935886258671 4132.216422222234 182.6042922 8.743 0
68.57 3.828 7032.371785714266 3384.176593632328 1760.1001799058915 3292.935886258671 4132.216422222234 129.8051935 7.874 0
81.7 3.422 13.44 3384.176593632328 163.92 3292.935886258671 2091.79 172.46080918276078 7.826821038790305 0
49.54 3.6 15107.83 939.31 65.7 12829.72 3366.13 132.1537097 9.91 0
35.88 3.422 7328.14 33378.79 34.6 1198.48 6819.1 189.1940558 8.424 0
89.65 2.692 7032.371785714266 3384.176593632328 1760.1001799058915 3292.935886258671 4132.216422222234 211.2951413 8.099 0
81.76 3.311 67.7 3384.176593632328 3.97 3292.935886258671 1634.33 220.6148749 6.623 0
50.79 3.29 2391.52 1189.61 50.82 313.76 4791.34 219.7188636 7.057 0
72.99 3.807 7032.371785714266 3384.176593632328 1760.1001799058915 3292.935886258671 4132.216422222234 215.4599053 7.682 0
85.63 3.55 7032.371785714266 3384.176593632328 1760.1001799058915 3292.935886258671 4132.216422222234 214.1083654 8.177 0
30.46 3.139 7032.371785714266 3384.176593632328 1760.1001799058915 3292.935886258671 4132.216422222234 136.5292811 8.572 0
94.87 4.002 244.09 3384.176593632328 5.14 11.22 2519.9 130.7909677 10.926 0
64.18 3.369 13789.79 14.0 218.21 7299.53 8146.91 172.46080918276078 7.826821038790305 0
48.17 3.541 290.84 3384.176593632328 1760.1001799058915 3292.935886258671 389.14 132.7160968 4.872 0
68.8 3.781 7032.371785714266 3384.176593632328 1760.1001799058915 3292.935886258671 4132.216422222234 128.9553 5.946 0
80.76 3.431 623.45 25.93 111.81 596.15 951.43 172.46080918276078 7.826821038790305 0
68.12 3.014 7032.371785714266 3384.176593632328 1760.1001799058915 3292.935886258671 4132.216422222234 126.3815484 9.003 0
20.61 3.139 7032.371785714266 3384.176593632328 1760.1001799058915 3292.935886258671 4132.216422222234 132.6804516 8.149 0
31.77 3.232 7032.371785714266 3384.176593632328 1760.1001799058915 3292.935886258671 4132.216422222234 192.0116004 6.614 0
68.69 3.881 12506.74 5941.43 30.84 3915.29 4392.95 131.108 4.308 0
67.52 3.451 8848.14 792.6 84.09 937.55 3468.14 224.8025314 6.112 0
89.13 3.765 5618.88 98.6 111.79 2513.36 6421.05 130.7196333 10.926 0
84.66 3.428 444.9 3384.176593632328 1760.1001799058915 3292.935886258671 1443.12 172.46080918276078 7.826821038790305 0
29.04 2.692 7032.371785714266 3384.176593632328 1760.1001799058915 3292.935886258671 4132.216422222234 189.734262 9.014 0
71.76 2.796 7032.371785714266 3384.176593632328 1760.1001799058915 3292.935886258671 4132.216422222234 132.6616129 9.342 0
24.66 3.303 286.92 3384.176593632328 25.94 21.88 786.11 199.7190578 5.847 0
57.5 3.207 1573.54 3384.176593632328 1095.99 157.62 2066.71 227.1593035 6.034 0
55.92 2.877 7032.371785714266 3384.176593632328 1760.1001799058915 3292.935886258671 4132.216422222234 126.5782857 9.765 0
53.82 2.982 7032.371785714266 3384.176593632328 1760.1001799058915 3292.935886258671 4132.216422222234 136.010394 9.051 0
68.59 3.574 7032.371785714266 3384.176593632328 1760.1001799058915 3292.935886258671 4132.216422222234 129.1677097 6.745 0
62.86 2.725 7032.371785714266 3384.176593632328 1760.1001799058915 3292.935886258671 4132.216422222234 215.2248 6.433 0
65.33 3.784 7032.371785714266 3384.176593632328 1760.1001799058915 3292.935886258671 4132.216422222234 136.2440968 4.584 0
52.5 3.701 22.15 3384.176593632328 2.35 3292.935886258671 1889.95 129.8459667 12.89 0
69.31 3.285 7032.371785714266 3384.176593632328 1760.1001799058915 3292.935886258671 4132.216422222234 217.0453684 7.866 0
74.59 3.689 148.63 3384.176593632328 12.81 3292.935886258671 1086.98 172.46080918276078 7.826821038790305 0
61.7 2.69 7032.371785714266 3384.176593632328 1760.1001799058915 3292.935886258671 4132.216422222234 190.0990028 9.017 0
68.03 2.795 7032.371785714266 3384.176593632328 1760.1001799058915 3292.935886258671 4132.216422222234 209.2199574 8.464 0
73.57 3.88 7032.371785714266 3384.176593632328 1760.1001799058915 3292.935886258671 4132.216422222234 136.144129 8.89 0
68.2 3.706 13802.34 3384.176593632328 23.12 3643.77 12517.18 130.9776667 4.077 0
43.29 3.6 4940.95 28.45 1038.3 1100.93 5243.21 129.8980645 12.89 0
46.66 3.75 26644.24 2042.09 51.8 1199.87 3364.14 142.4928071 8.665 0
85.8 3.554 7032.371785714266 3384.176593632328 1760.1001799058915 3292.935886258671 4132.216422222234 219.2556109 6.404 0
58.84 4.029 5226.88 3384.176593632328 8.93 546.11 1281.16 138.1065806 8.15 0
54.09 3.758 7032.371785714266 3384.176593632328 1760.1001799058915 3292.935886258671 4132.216422222234 136.367 4.584 0
67.75 4.111 4973.95 4561.31 5.17 1953.72 3653.48 131.1173333 7.382 0
75.09 3.867 24718.73 9.94 120.98 14110.32 3332.99 191.461281 8.684 0
65.17 3.808 7623.14 3384.176593632328 86.99 2583.46 3312.67 131.0983226 5.965 0
24.16 3.568 812.2 1267.64 32.5 13.76 1914.38 136.9598387 7.467 0
69.31 2.717 7032.371785714266 3384.176593632328 1760.1001799058915 3292.935886258671 4132.216422222234 136.6297571 8.572 0
66.43 4.134 7032.371785714266 3384.176593632328 1760.1001799058915 3292.935886258671 4132.216422222234 138.6782834 7.725 0
51.45 2.732 7032.371785714266 3384.176593632328 1760.1001799058915 3292.935886258671 4132.216422222234 211.0180424 8.106 0
29.42 3.772 9549.4 3449.11 246.53 624.4 4702.57 139.0569032 6.884 0
72.79 3.911 15308.07 0.0 22.06 5643.24 1903.09 215.2189573 7.28 1
45.38 3.903 6018.32 3384.176593632328 69.97 1590.01 1521.53 197.6063534 8.09 0
34.42 3.193 7032.371785714266 3384.176593632328 1760.1001799058915 3292.935886258671 4132.216422222234 136.7332569 8.549 0
73.57 3.622 7032.371785714266 3384.176593632328 1760.1001799058915 3292.935886258671 4132.216422222234 218.4553663 7.574 0
71.5 2.826 7032.371785714266 3384.176593632328 1760.1001799058915 3292.935886258671 4132.216422222234 214.1399162 6.384 0
41.74 2.983 7032.371785714266 3384.176593632328 1760.1001799058915 3292.935886258671 4132.216422222234 210.2379731 8.395 0
63.59 2.684 7032.371785714266 3384.176593632328 1760.1001799058915 3292.935886258671 4132.216422222234 189.4000734 8.963 0
85.03 3.017 7032.371785714266 3384.176593632328 1760.1001799058915 3292.935886258671 4132.216422222234 126.1069032 9.199 0
49.96 3.809 6288.63 3384.176593632328 22.59 997.55 1266.73 131.1453333 6.235 0
62.27 3.792 15573.25 1213.92 698.93 9775.28 5182.49 172.46080918276078 7.826821038790305 0
70.9 2.725 7032.371785714266 3384.176593632328 1760.1001799058915 3292.935886258671 4132.216422222234 209.170772 8.464 0
56.61 3.601 10960.27 20.94 39.58 5578.26 1542.6 172.46080918276078 7.826821038790305 0
64.05 3.659 6238.21 77.77 23.41 1404.74 8346.74 198.1267184 7.872 0
61.96 2.619 7032.371785714266 3384.176593632328 1760.1001799058915 3292.935886258671 4132.216422222234 210.1413607 8.554 0
40.65 3.022 7032.371785714266 3384.176593632328 1760.1001799058915 3292.935886258671 4132.216422222234 204.873871 10.398 1
32.5 2.957 3554.32 14035.48 8.77 226.05 2442.72 200.6190912 7.107 0
63.67 2.966 7032.371785714266 3384.176593632328 1760.1001799058915 3292.935886258671 4132.216422222234 203.6101784 7.856 0
30.45 3.239 7032.371785714266 3384.176593632328 1760.1001799058915 3292.935886258671 4132.216422222234 137.1378318 8.549 1
42.65 4.098 4292.7 72.67 3.0 1169.95 2965.23 137.7261935 7.943 0
86.14 3.699 7032.371785714266 3384.176593632328 1760.1001799058915 3292.935886258671 4132.216422222234 218.6449369 7.574 0
50.66 3.87 1917.54 111.2 64.94 3292.935886258671 1066.74 172.46080918276078 7.826821038790305 0
33.41 3.129 18765.64 7738.97 7.6 8914.56 6028.36 196.9499007 8.256 0
36.39 3.983 11181.01 3384.176593632328 1173.21 47.31 4608.74 138.9911935 8.036 0
49.47 2.962 7032.371785714266 3384.176593632328 1760.1001799058915 3292.935886258671 4132.216422222234 126.4420645 13.975 0
39.83 3.413 963.24 5.39 936.62 5.0 4250.08 140.528765 7.706 0
33.52 3.437 7032.371785714266 3384.176593632328 1760.1001799058915 3292.935886258671 4132.216422222234 137.5017028 8.458 0
45.98 2.938 7032.371785714266 3384.176593632328 1760.1001799058915 3292.935886258671 4132.216422222234 135.6270013 8.237 0
72.59 2.584 7032.371785714266 3384.176593632328 1760.1001799058915 3292.935886258671 4132.216422222234 126.1019355 9.816 0
24.2 3.542 4209.35 5114.77 3.66 414.31 965.11 136.8564194 8.075 0
73.41 3.819 36466.8 220.13 41.77 16284.94 2242.89 138.1735806 8.193 0
52.76 3.752 7032.371785714266 3384.176593632328 1760.1001799058915 3292.935886258671 4132.216422222234 129.0490323 6.906 0
49.47 2.962 7032.371785714266 3384.176593632328 1760.1001799058915 3292.935886258671 4132.216422222234 126.4420645 13.975 0
61.24 3.566 7032.371785714266 3384.176593632328 1760.1001799058915 3292.935886258671 4132.216422222234 194.6387853 8.622 1
47.54 3.157 3597.08 6203.76 11.2 3743.55 1912.75 223.4332408 5.667 0
50.43 4.023 2255.05 5.83 23.93 17.92 1445.88 137.9781333 8.304 0
45.4 3.541 59.23 3384.176593632328 0.6 3292.935886258671 1588.1 129.9845484 12.89 0
59.0 3.899 7032.371785714266 3384.176593632328 1760.1001799058915 3292.935886258671 4132.216422222234 136.367 7.806 0
30.83 3.034 7032.371785714266 3384.176593632328 1760.1001799058915 3292.935886258671 4132.216422222234 127.859129 7.47 1
73.52 3.564 9127.63 467.6 30.29 3543.14 5417.88 214.606 7.139 0
76.45 2.671 7032.371785714266 3384.176593632328 1760.1001799058915 3292.935886258671 4132.216422222234 126.0766452 9.816 0
65.02 2.699 7032.371785714266 3384.176593632328 1760.1001799058915 3292.935886258671 4132.216422222234 204.7266827 7.527 1
42.61 3.479 4971.23 662.96 48.08 556.43 6452.61 195.7184713 8.513 0
77.67 3.666 7694.84 51.91 5.2 1653.38 3211.84 226.5180926 6.334 0
64.0 3.734 2588.06 80.89 3.2 909.76 491.83 224.7166953 6.833 0
31.74 3.595 3019.84 25411.25 8.52 209.41 1628.16 138.6079032 7.942 0
22.0 3.103 8123.92 7618.89 127.05 13453.73 8066.43 196.9195056 6.589 1
88.45 3.684 7032.371785714266 3384.176593632328 1760.1001799058915 3292.935886258671 4132.216422222234 218.9023209 7.567 0
57.14 2.841 7032.371785714266 3384.176593632328 1760.1001799058915 3292.935886258671 4132.216422222234 126.1119032 6.635 0
76.87 3.886 7032.371785714266 3384.176593632328 1760.1001799058915 3292.935886258671 4132.216422222234 139.5442083 7.85 0
67.09 3.542 7032.371785714266 3384.176593632328 1760.1001799058915 3292.935886258671 4132.216422222234 194.1105017 6.338 0
43.67 3.456 9753.88 3384.176593632328 1258.51 2777.92 21807.99 131.4784 5.621 0
22.96 3.807 15949.59 2115.99 60.06 4676.18 4758.78 138.9004286 3.932 0
78.5 3.563 7032.371785714266 3384.176593632328 1760.1001799058915 3292.935886258671 4132.216422222234 129.1507742 6.56 0
31.64 3.153 5857.72 30.0 984.98 4692.5 13503.99 129.8555333 5.143 0
60.06 3.083 7032.371785714266 3384.176593632328 1760.1001799058915 3292.935886258671 4132.216422222234 126.6050645 13.975 0
68.37 2.795 7032.371785714266 3384.176593632328 1760.1001799058915 3292.935886258671 4132.216422222234 213.7221852 7.343 0
69.92 3.667 11993.32 535.4 1760.1001799058915 3736.21 3432.8 138.1962667 8.15 0
23.83 3.263 4617.06 3384.176593632328 211.0 13.76 1754.77 131.642 5.527 0
57.7 3.552 8031.33 12906.43 641.98 4801.53 2723.41 132.6537742 3.896 0
72.81 4.076 15092.87 60.92 89.01 2756.36 4563.61 138.4729355 8.953 1
81.83 2.577 7032.371785714266 3384.176593632328 1760.1001799058915 3292.935886258671 4132.216422222234 211.1886931 8.099 0
32.65 3.491 7032.371785714266 3384.176593632328 1760.1001799058915 3292.935886258671 4132.216422222234 195.0261012 8.513 0
47.8 3.57 12691.27 16756.86 435.92 3159.94 6275.41 140.4111613 7.706 0
57.84 3.596 5069.74 3384.176593632328 10.15 817.15 2158.82 198.0950484 7.872 1
46.2 3.016 7032.371785714266 3384.176593632328 1760.1001799058915 3292.935886258671 4132.216422222234 213.3399647 6.858 0
62.54 3.095 7032.371785714266 3384.176593632328 1760.1001799058915 3292.935886258671 4132.216422222234 132.1062 8.185 0
37.24 3.874 14655.15 10670.84 162.82 11286.99 1595.8 141.2140357 8.009 0
62.21 3.555 141.18 282.22 1760.1001799058915 3292.935886258671 739.65 219.3244636 7.244 0
37.79 3.389 3604.35 43941.56 287.45 357.43 750.01 189.0620155 8.523 1
52.5 3.529 260.7 3384.176593632328 0.99 3292.935886258671 469.46 130.8261935 5.774 0
31.48 3.859 15320.65 8697.68 103.84 10277.08 5841.93 193.0328221 8.625 0
60.76 3.703 3904.25 478.82 21.52 665.34 9370.85 172.46080918276078 7.826821038790305 0
77.5 3.737 3738.41 874.45 544.74 966.03 1164.81 172.46080918276078 7.826821038790305 0
66.41 3.181 7.09 3384.176593632328 1760.1001799058915 3292.935886258671 780.75 217.1812533 7.716 1
49.87 4.192 7032.371785714266 3384.176593632328 1760.1001799058915 3292.935886258671 4132.216422222234 134.5143667 7.658 0
33.8 3.08 1.94 51.41 54.05 3292.935886258671 809.1 130.1575161 5.774 0
43.67 3.456 31.56 3384.176593632328 1760.1001799058915 3292.935886258671 630.65 131.4784 5.217 0
59.3 3.63 14017.62 1076.98 7.07 8891.83 3182.63 220.4866886 7.057 0
75.59 3.553 7032.371785714266 3384.176593632328 1760.1001799058915 3292.935886258671 4132.216422222234 129.1338387 6.877 0
87.01 3.159 7032.371785714266 3384.176593632328 1760.1001799058915 3292.935886258671 4132.216422222234 126.064 14.18 0
59.92 3.658 234.79 3384.176593632328 73.33 3292.935886258671 1037.07 216.0025408 8.934 0
66.97 3.877 3738.69 3287.37 0.77 894.38 2882.6 221.2021074 6.891 0
55.28 3.677 13444.17 14909.99 752.18 4320.22 5896.3 129.8167097 7.874 0
77.83 3.76 7032.371785714266 3384.176593632328 1760.1001799058915 3292.935886258671 4132.216422222234 139.7006325 8.684 0
73.85 3.898 7032.371785714266 3384.176593632328 1760.1001799058915 3292.935886258671 4132.216422222234 135.9639355 8.89 0
57.17 2.958 7032.371785714266 3384.176593632328 1760.1001799058915 3292.935886258671 4132.216422222234 203.8770235 7.856 0
59.38 3.988 5593.11 3384.176593632328 62.88 290.65 7375.04 138.5673 4.156 0
60.48 4.117 7032.371785714266 3384.176593632328 1760.1001799058915 3292.935886258671 4132.216422222234 134.4357333 8.212 0
78.11 3.433 7429.46 249.8 7.86 4235.27 9690.55 130.8896774 4.308 0
56.48 4.046 7032.371785714266 3384.176593632328 1760.1001799058915 3292.935886258671 4132.216422222234 138.4131202 8.512 0
67.86 3.784 7032.371785714266 3384.176593632328 1760.1001799058915 3292.935886258671 4132.216422222234 135.6283333 4.584 0
69.55 3.898 7032.371785714266 3384.176593632328 1760.1001799058915 3292.935886258671 4132.216422222234 135.9639355 4.584 0
56.4 3.386 9585.99 6181.03 32.4 1571.2 4510.08 223.0968655 6.17 0
55.33 3.622 3808.13 3384.176593632328 15.65 2616.6 1909.17 224.8356808 6.525 0
42.86 3.739 15074.23 8644.89 4.2 4450.84 7278.87 190.0069881 8.424 0
40.6 3.022 7032.371785714266 3384.176593632328 1760.1001799058915 3292.935886258671 4132.216422222234 127.5800323 6.51 0
83.98 3.769 9511.34 3384.176593632328 8.87 16376.33 3062.22 130.7195806 7.17 0
48.81 3.532 7032.371785714266 3384.176593632328 1760.1001799058915 3292.935886258671 4132.216422222234 192.3418571 8.595 0
69.22 3.673 3892.57 594.13 5.0 2349.76 5587.5 172.46080918276078 7.826821038790305 0
77.2 3.647 5753.81 167.95 1.23 9181.48 3156.06 191.1655664 8.684 0
34.19 3.792 3948.43 4885.8 1760.1001799058915 168.0 3180.34 138.5172581 4.145 0
51.35 3.606 15325.04 3384.176593632328 479.81 51.87 1950.88 224.6359852 6.237 0
68.0 2.77 7032.371785714266 3384.176593632328 1760.1001799058915 3292.935886258671 4132.216422222234 213.9120595 7.343 0
22.12 2.737 7032.371785714266 3384.176593632328 1760.1001799058915 3292.935886258671 4132.216422222234 191.0411474 9.137 0
48.92 3.207 7136.29 3384.176593632328 2776.64 218.89 2986.68 227.2089486 5.124 0
68.22 4.016 438.36 3384.176593632328 11.47 2.97 705.52 132.5914516 6.897 0
69.54 3.742 6667.97 38.4 40.85 544.94 2765.31 214.5513278 7.139 0
62.8 3.734 7034.05 103.68 4.59 2231.64 2062.04 222.8186603 6.132 0
54.44 3.787 9427.41 3322.67 31.3 3119.64 1982.11 142.6614597 8.665 0
69.79 3.274 7032.371785714266 3384.176593632328 1760.1001799058915 3292.935886258671 4132.216422222234 217.0048261 7.441 0
65.88 3.646 6253.46 581.33 584.42 145.01 1440.91 172.46080918276078 7.826821038790305 0
51.04 2.895 7032.371785714266 3384.176593632328 1760.1001799058915 3292.935886258671 4132.216422222234 135.8721667 8.348 0
72.05 3.617 6657.7 3384.176593632328 47.01 5234.34 6313.88 221.8533396 6.228 0
56.06 3.499 7032.371785714266 3384.176593632328 1760.1001799058915 3292.935886258671 4132.216422222234 194.2500634 8.622 0
39.97 3.491 7032.371785714266 3384.176593632328 1760.1001799058915 3292.935886258671 4132.216422222234 195.0261012 6.232 0
26.05 3.309 7032.371785714266 3384.176593632328 1760.1001799058915 3292.935886258671 4132.216422222234 132.7477419 8.067 0
72.04 3.57 7032.371785714266 3384.176593632328 1760.1001799058915 3292.935886258671 4132.216422222234 129.2832581 6.745 0
51.42 4.023 1238.43 3384.176593632328 6.62 58.84 1407.86 137.9781333 9.14 0
72.97 3.942 7032.371785714266 3384.176593632328 1760.1001799058915 3292.935886258671 4132.216422222234 140.1289205 7.85 0
64.22 3.781 7032.371785714266 3384.176593632328 1760.1001799058915 3292.935886258671 4132.216422222234 128.9998667 5.946 0
76.02 2.64 7032.371785714266 3384.176593632328 1760.1001799058915 3292.935886258671 4132.216422222234 214.7418728 6.315 0
73.52 3.701 5336.52 42.97 2.31 8546.62 3644.59 142.2126924 7.753 0
75.38 3.803 4340.79 1607.47 272.58 1540.36 2576.36 172.46080918276078 7.826821038790305 0
46.25 3.287 7032.371785714266 3384.176593632328 1760.1001799058915 3292.935886258671 4132.216422222234 127.1917742 8.951 0
36.07 2.805 7032.371785714266 3384.176593632328 1760.1001799058915 3292.935886258671 4132.216422222234 131.784 5.892 0
73.88 3.881 7032.371785714266 3384.176593632328 1760.1001799058915 3292.935886258671 4132.216422222234 185.6486923 8.521 0
83.98 3.769 9511.34 3384.176593632328 8.87 16376.33 3062.22 130.7195806 7.17 0
48.45 3.53 7032.371785714266 3384.176593632328 1760.1001799058915 3292.935886258671 4132.216422222234 128.13 14.021 0
35.04 3.527 7032.371785714266 3384.176593632328 1760.1001799058915 3292.935886258671 4132.216422222234 195.4847959 6.759 0
28.14 2.771 7032.371785714266 3384.176593632328 1760.1001799058915 3292.935886258671 4132.216422222234 135.4113076 8.283 1
60.42 3.299 7032.371785714266 3384.176593632328 1760.1001799058915 3292.935886258671 4132.216422222234 129.6938 10.148 0
43.74 4.0 4284.26 3384.176593632328 11.59 1227.84 1959.27 216.1150568 7.293 0
85.94 4.144 15025.58 33.4 2.51 4573.57 2283.27 130.8295333 11.627 0
72.62 3.834 7936.2 58.38 22.0 5518.07 2291.97 191.3448865 8.684 0
56.18 3.207 4463.06 3384.176593632328 3737.14 94.88 9459.61 225.2377455 5.329 0
29.89 3.379 1744.74 3384.176593632328 47.0 54.18 984.26 131.537 5.527 0
76.0 3.911 11678.32 3384.176593632328 53.35 1976.76 8415.89 142.500303 8.839 1
82.68 2.705 7032.371785714266 3384.176593632328 1760.1001799058915 3292.935886258671 4132.216422222234 210.833616 8.2 0
64.47 4.003 7032.371785714266 3384.176593632328 1760.1001799058915 3292.935886258671 4132.216422222234 128.8238065 13.736 0
85.41 3.4 7527.1 1244.78 84.18 2626.7 3881.66 172.46080918276078 7.826821038790305 0
34.72 3.713 2490.24 -0.01 4412.81 79.08 4115.57 138.4020333 8.243 0
68.32 3.93 7032.371785714266 3384.176593632328 1760.1001799058915 3292.935886258671 4132.216422222234 136.2745806 8.358 1
64.78 3.541 7032.371785714266 3384.176593632328 1760.1001799058915 3292.935886258671 4132.216422222234 140.4784194 8.745 0
53.04 2.625 7032.371785714266 3384.176593632328 1760.1001799058915 3292.935886258671 4132.216422222234 214.6751386 7.368 0
46.95 3.917 1827.16 35.87 50.0 478.93 2088.65 138.7281613 7.138 0
66.1 4.038 6982.1 87.37 6.0 2085.94 9129.21 142.6798167 8.839 0
48.09 3.535 6547.87 86.96 118.83 1861.64 1332.69 172.46080918276078 7.826821038790305 0
16.27 2.982 3734.33 6076.96 5.66 40.81 1252.82 131.957 5.275 0
78.65 3.722 32432.09 23.68 32.44 4309.81 3570.81 191.1626135 8.684 0
82.53 3.466 403.31 3384.176593632328 12.01 3292.935886258671 2463.06 172.46080918276078 7.826821038790305 0
17.0 3.281 7032.371785714266 3384.176593632328 1760.1001799058915 3292.935886258671 4132.216422222234 133.4921429 5.114 0
67.69 3.864 11341.17 3384.176593632328 73.38 5677.89 7821.95 131.0375484 4.308 0
56.85 3.543 1351.16 17.81 15.97 263.92 1415.88 130.3496774 7.545 0
65.45 2.869 7032.371785714266 3384.176593632328 1760.1001799058915 3292.935886258671 4132.216422222234 181.7596377 8.899 0
58.06 2.841 7032.371785714266 3384.176593632328 1760.1001799058915 3292.935886258671 4132.216422222234 126.2791667 6.885 0
77.95 3.187 6438.2 174.8 103.13 2529.03 3839.19 130.7196333 9.285 0
67.14 3.907 7032.371785714266 3384.176593632328 1760.1001799058915 3292.935886258671 4132.216422222234 215.3834778 7.931 0
75.17 2.808 7032.371785714266 3384.176593632328 1760.1001799058915 3292.935886258671 4132.216422222234 204.5675459 7.856 0
47.28 2.962 7032.371785714266 3384.176593632328 1760.1001799058915 3292.935886258671 4132.216422222234 126.2085484 6.635 0
56.51 2.869 7032.371785714266 3384.176593632328 1760.1001799058915 3292.935886258671 4132.216422222234 203.3996521 10.21 0
36.0 2.754 7032.371785714266 3384.176593632328 1760.1001799058915 3292.935886258671 4132.216422222234 135.5195191 9.262 0
77.49 3.711 7032.371785714266 3384.176593632328 1760.1001799058915 3292.935886258671 4132.216422222234 186.032016 8.625 0
59.94 3.722 1437.28 1.5 4.94 3292.935886258671 1244.96 130.3849032 7.603 1
70.35 3.622 7032.371785714266 3384.176593632328 1760.1001799058915 3292.935886258671 4132.216422222234 206.8970046 10.581 0
69.09 3.526 7032.371785714266 3384.176593632328 1760.1001799058915 3292.935886258671 4132.216422222234 219.4442443 6.425 0
65.19 3.891 7627.83 4689.55 4.2 940.82 1723.28 225.0625714 5.679 0
68.71 3.314 10591.76 1860.93 214.24 1144.92 4599.73 227.0244026 6.034 0
48.56 2.831 7032.371785714266 3384.176593632328 1760.1001799058915 3292.935886258671 4132.216422222234 135.7073618 8.283 0
76.91 2.784 7032.371785714266 3384.176593632328 1760.1001799058915 3292.935886258671 4132.216422222234 132.5825806 10.409 0
51.33 2.574 7032.371785714266 3384.176593632328 1760.1001799058915 3292.935886258671 4132.216422222234 210.1092746 8.554 0
66.65 3.451 152.62 3384.176593632328 1760.1001799058915 3292.935886258671 753.71 216.4430576 8.796 0
46.4 2.727 7032.371785714266 3384.176593632328 1760.1001799058915 3292.935886258671 4132.216422222234 126.7313333 7.127 0
23.69 3.103 7247.14 985.13 0.45 9481.58 6298.1 196.9195056 6.162 1
45.55 2.878 7032.371785714266 3384.176593632328 1760.1001799058915 3292.935886258671 4132.216422222234 132.7633548 5.287 0
65.74 2.77 7032.371785714266 3384.176593632328 1760.1001799058915 3292.935886258671 4132.216422222234 210.2831653 8.2 0
69.1 3.524 7032.371785714266 3384.176593632328 1760.1001799058915 3292.935886258671 4132.216422222234 218.2114184 7.574 0
65.62 3.392 915.38 3384.176593632328 9.83 3292.935886258671 832.81 172.46080918276078 7.826821038790305 0
32.44 2.909 7032.371785714266 3384.176593632328 1760.1001799058915 3292.935886258671 4132.216422222234 135.4657781 8.237 0
45.91 2.917 7032.371785714266 3384.176593632328 1760.1001799058915 3292.935886258671 4132.216422222234 136.7862258 8.763 0
71.57 2.72 7032.371785714266 3384.176593632328 1760.1001799058915 3292.935886258671 4132.216422222234 210.5805944 8.476 0
67.51 2.716 7032.371785714266 3384.176593632328 1760.1001799058915 3292.935886258671 4132.216422222234 211.5661131 8.163 0
71.7 3.506 1547.61 1.74 1760.1001799058915 133.31 598.74 224.0378139 5.422 0
64.28 4.254 59.68 696.42 12.37 17.82 1410.31 131.108 11.627 0
34.81 3.45 295.5 3384.176593632328 44081.25 78.08 623.37 199.4976149 7.557 1
89.34 3.651 7032.371785714266 3384.176593632328 1760.1001799058915 3292.935886258671 4132.216422222234 215.0749122 7.852 0
29.9 3.263 4655.55 82.92 263.93 41.68 2105.14 131.642 5.621 0
75.98 3.721 241.47 3384.176593632328 1760.1001799058915 3292.935886258671 2143.91 221.4578604 6.623 0
94.61 3.74 7032.371785714266 3384.176593632328 1760.1001799058915 3292.935886258671 4132.216422222234 129.2832581 13.503 0
45.35 3.47 3311.44 3384.176593632328 125.93 2499.81 16837.64 140.4397857 7.706 0
63.78 2.81 7032.371785714266 3384.176593632328 1760.1001799058915 3292.935886258671 4132.216422222234 132.4976 8.512 0
70.72 2.725 7032.371785714266 3384.176593632328 1760.1001799058915 3292.935886258671 4132.216422222234 211.5187208 8.163 0
48.17 3.541 3664.88 3384.176593632328 297.65 374.46 2284.14 132.7160968 5.274 0
69.27 2.899 7032.371785714266 3384.176593632328 1760.1001799058915 3292.935886258671 4132.216422222234 182.0464181 8.899 0
90.76 3.638 7032.371785714266 3384.176593632328 1760.1001799058915 3292.935886258671 4132.216422222234 215.6057878 7.962 0
49.47 2.962 7032.371785714266 3384.176593632328 1760.1001799058915 3292.935886258671 4132.216422222234 126.4420645 13.975 0
79.97 3.81 7032.371785714266 3384.176593632328 1760.1001799058915 3292.935886258671 4132.216422222234 219.0236099 7.574 0
76.1 3.717 1085.92 3384.176593632328 29.23 3292.935886258671 2115.61 222.2174395 6.565 0
84.57 2.608 7032.371785714266 3384.176593632328 1760.1001799058915 3292.935886258671 4132.216422222234 214.5564968 7.346 0
76.36 3.918 7032.371785714266 3384.176593632328 1760.1001799058915 3292.935886258671 4132.216422222234 129.4306 13.503 0
97.18 3.094 7032.371785714266 3384.176593632328 1760.1001799058915 3292.935886258671 4132.216422222234 126.1498065 14.18 0
20.49 3.391 7170.69 398.83 0.24 2613.16 3184.65 201.040053 5.415 0
77.45 2.784 7032.371785714266 3384.176593632328 1760.1001799058915 3292.935886258671 4132.216422222234 136.4741118 8.861 0
33.96 2.782 7032.371785714266 3384.176593632328 1760.1001799058915 3292.935886258671 4132.216422222234 126.6066452 6.548 0
60.44 3.096 7032.371785714266 3384.176593632328 1760.1001799058915 3292.935886258671 4132.216422222234 132.2230323 8.211 0
70.87 3.918 177.77 317.91 1760.1001799058915 231.31 1473.96 220.2483937 6.989 0
65.69 3.877 7311.02 2236.2 33.53 878.07 4080.32 221.2021074 6.891 0
88.0 3.913 7032.371785714266 3384.176593632328 1760.1001799058915 3292.935886258671 4132.216422222234 129.3686129 13.503 1
16.87 3.255 7032.371785714266 3384.176593632328 1760.1001799058915 3292.935886258671 4132.216422222234 133.260871 5.114 1
68.76 3.13 7032.371785714266 3384.176593632328 1760.1001799058915 3292.935886258671 4132.216422222234 126.4364194 9.003 0
40.57 3.798 8172.0 7946.12 8.6 4105.5 2873.45 142.7320173 7.945 0
69.32 3.842 7032.371785714266 3384.176593632328 1760.1001799058915 3292.935886258671 4132.216422222234 185.6719333 8.521 0
89.64 3.533 7032.371785714266 3384.176593632328 1760.1001799058915 3292.935886258671 4132.216422222234 215.4508632 7.852 0
34.03 3.843 7586.97 3384.176593632328 3.5 4040.62 2540.23 138.8597742 3.932 0
44.59 3.542 6311.91 9225.86 4.4 241.02 5898.01 131.957 9.91 0
89.57 3.494 8467.09 27.6 7.17 4045.91 4196.28 221.5954138 6.565 0
67.38 3.105 7032.371785714266 3384.176593632328 1760.1001799058915 3292.935886258671 4132.216422222234 126.3805667 14.099 0
46.9 2.957 7032.371785714266 3384.176593632328 1760.1001799058915 3292.935886258671 4132.216422222234 135.7464988 8.058 0
55.58 3.495 7032.371785714266 3384.176593632328 1760.1001799058915 3292.935886258671 4132.216422222234 128.5121935 10.398 0
81.67 2.642 7032.371785714266 3384.176593632328 1760.1001799058915 3292.935886258671 4132.216422222234 210.7657317 8.099 0
66.3 3.848 8818.97 3384.176593632328 8.88 1297.39 3330.23 190.9964479 8.567 0
47.83 3.671 3489.61 75.36 2.52 827.19 3427.9 130.8966452 6.104 0
40.65 3.022 7032.371785714266 3384.176593632328 1760.1001799058915 3292.935886258671 4132.216422222234 204.873871 10.398 1
26.39 3.24 7032.371785714266 3384.176593632328 1760.1001799058915 3292.935886258671 4132.216422222234 137.0542431 8.458 0
54.89 3.804 8215.27 3384.176593632328 277.14 1198.25 2444.61 197.5886046 6.547 0
30.35 3.705 2754.17 9280.81 465.77 2567.91 1550.34 140.8086118 8.009 0
84.2 2.653 7032.371785714266 3384.176593632328 1760.1001799058915 3292.935886258671 4132.216422222234 212.8641412 7.092 0
72.99 3.807 7032.371785714266 3384.176593632328 1760.1001799058915 3292.935886258671 4132.216422222234 215.4599053 7.682 0
50.11 2.925 7032.371785714266 3384.176593632328 1760.1001799058915 3292.935886258671 4132.216422222234 126.6042857 13.975 0
70.65 3.689 282.57 3384.176593632328 106.31 3292.935886258671 406.52 130.9325484 5.407 1
51.65 3.409 8687.47 1594.87 2.2 2144.87 2577.83 223.753643 6.833 1
65.17 3.808 7623.14 3384.176593632328 86.99 2583.46 3312.67 131.0983226 5.965 0
47.19 2.943 7032.371785714266 3384.176593632328 1760.1001799058915 3292.935886258671 4132.216422222234 211.064774 8.163 1
81.55 3.501 2664.55 10.0 220.03 618.49 1940.77 225.2518313 6.664 0
93.54 3.753 360.49 3384.176593632328 48.46 313.04 1007.61 172.46080918276078 7.826821038790305 0
90.94 4.103 499.25 3384.176593632328 1760.1001799058915 3292.935886258671 959.13 130.8896774 7.396 0
42.61 3.663 21255.03 8427.53 25.52 556.83 1809.12 131.2793548 5.527 0
53.39 3.541 123.82 3384.176593632328 2.78 3292.935886258671 950.77 129.9845484 8.01 0
52.68 4.056 6916.18 3.82 1760.1001799058915 228.31 7025.39 138.6534 7.405 0
77.45 2.942 7032.371785714266 3384.176593632328 1760.1001799058915 3292.935886258671 4132.216422222234 136.4741118 7.982 0
80.74 3.567 187.88 3384.176593632328 1760.1001799058915 4.02 1674.5 220.4322099 6.989 0
87.65 3.73 10658.86 149.28 60.97 2920.9 3275.57 222.0747635 6.565 1
30.55 3.229 7032.371785714266 3384.176593632328 1760.1001799058915 3292.935886258671 4132.216422222234 182.9193368 8.549 0
56.13 3.711 555.78 3384.176593632328 1760.1001799058915 3292.935886258671 1623.0 223.2379794 6.266 0
