-0.7520397808891501 -1.9591276683590264 -4.5906031034963854e-14 6.885285668291255e-14 2.6597419283572646e-14 -6.651194256540563e-14 -1.3244733072800696e-14 1.0058719124009767 0.2748587317371597 -0.27735009811261235
-2.026302541332491 -0.034758783816702415 0.5024859230948507 -0.36769666415946 -0.22852920523678208 0.9065742562725007 -0.018246504562503707 0.7463831774945966 -1.1365331349210959 -0.27735009811261235
-0.9913656018631726 1.3262105357331102 -0.8043930648419982 -0.6445180849748361 15.128011368527867 -0.6260744485066531 -0.3555760292311234 -0.8888970029577538 0.0913169770444293 3.605551275463961
1.3745869772961234 -0.9018840402249305 -4.5906031034963854e-14 6.885285668291255e-14 2.6597419283572646e-14 -6.651194256540563e-14 -1.3244733072800696e-14 -1.2105910099633344 0.758590765942398 -0.27735009811261235
-0.5523338944835343 0.38721126074559015 -0.2953282916866071 -0.6380465391342399 -0.22319581610190262 -0.6704577368967681 -0.20378556788500174 -1.632991728064348e-14 1.964070188337077e-15 -0.27735009811261235
1.1550711236063045 1.1430477141923343 -4.5906031034963854e-14 6.885285668291255e-14 2.6597419283572646e-14 -6.651194256540563e-14 -1.3244733072800696e-14 1.2250500316686366 -0.13976872615304464 -0.27735009811261235
0.9949851717690944 0.32461130907975516 -4.5906031034963854e-14 6.885285668291255e-14 2.6597419283572646e-14 -6.651194256540563e-14 -1.3244733072800696e-14 1.100924165232879 0.1935917499906795 3.605551275463961
1.6733427001227554 0.9204701082693666 -4.5906031034963854e-14 6.885285668291255e-14 2.6597419283572646e-14 -6.651194256540563e-14 -1.3244733072800696e-14 -1.1302118764859486 3.1379995376216505 -0.27735009811261235
1.0635169504820137 -1.391091069909786 -4.5906031034963854e-14 6.885285668291255e-14 2.6597419283572646e-14 -6.651194256540563e-14 -1.3244733072800696e-14 -0.9418713027058963 0.33511792228386933 -0.27735009811261235
0.06712913653871191 1.1430477141923343 -4.5906031034963854e-14 6.885285668291255e-14 2.6597419283572646e-14 -6.651194256540563e-14 -1.3244733072800696e-14 -0.9426355769939374 0.2936551764948493 -0.27735009811261235
0.24916667374490384 -0.08112911838398737 0.5623732713135763 -0.5704476432937104 -0.21922448428239047 0.25220206780588583 0.21367596612625125 -1.632991728064348e-14 1.964070188337077e-15 -0.27735009811261235
-0.7970137606695036 1.3563512532018451 0.7160472506842006 6.885285668291255e-14 -0.22459125717499953 -0.037085140320084274 -0.08344301326234255 -0.8991206520262108 -2.0465021958374643 -0.27735009811261235
0.5848653085339688 0.8671442235169886 0.3348576699197864 -0.1681814579455076 -0.1864095857845117 -0.5916056844169162 0.29333088278299446 -1.0755058801630728 -0.48860862739133665 -0.27735009811261235
1.1320487291949328 0.10667073661351642 0.6336711775671415 -0.6086027196240528 -0.226528850473625 -0.5509468519469022 0.2350245053554629 1.3291744803914871 -1.029835669090683 -0.27735009811261235
0.37284511814087457 -1.386454036453058 -4.5906031034963854e-14 6.885285668291255e-14 2.6597419283572646e-14 -6.651194256540563e-14 -1.3244733072800696e-14 0.9931465703955288 -0.010404959291300912 -0.27735009811261235
1.2851744222566117 1.1755069483894334 -0.31801398913092327 -0.33475043946950345 -0.20777118468052239 -0.6020726508112182 -0.2514328904988444 -1.632991728064348e-14 1.964070188337077e-15 -0.27735009811261235
0.38408861308596326 0.8833738406155386 -0.9687497271361364 -0.637646590745033 -0.2348440768489115 -0.7247012110206459 -0.3856209139557612 1.3666669235515947 -0.5494206545485664 -0.27735009811261235
-0.5180680051270746 -0.17155127079019328 -4.5906031034963854e-14 6.885285668291255e-14 2.6597419283572646e-14 -6.651194256540563e-14 -1.3244733072800696e-14 1.2753317468454914 -0.9419346480179597 -0.27735009811261235
0.9708919683153335 -1.8153796312004424 -4.5906031034963854e-14 6.885285668291255e-14 2.6597419283572646e-14 -6.651194256540563e-14 -1.3244733072800696e-14 1.0969681330940095 -0.8357900187980674 -0.27735009811261235
0.8884396720513531 0.46372231278161 -4.5906031034963854e-14 6.885285668291255e-14 2.6597419283572646e-14 -6.651194256540563e-14 -1.3244733072800696e-14 -1.1297695870487272 -0.700345049220601 -0.27735009811261235
-0.8896387428361833 0.493863030250346 0.3814863036370719 -0.5550401077285478 -0.23466113385655338 0.7472264096726793 0.0161824163691509 -1.092052147020548 1.009578587118602 -0.27735009811261235
-0.2712465208563266 -0.6816249510303267 -1.0028367495271993 -0.6423831223829266 -0.10626586627823714 -6.651194256540563e-14 -0.07633444091973036 1.3153472147099126 -0.3481881283191872 -0.27735009811261235
1.2005805079078522 -0.1390920365930933 -1.0371592156646314 6.885285668291255e-14 2.6597419283572646e-14 -6.651194256540563e-14 -0.041629480028585845 1.2791840033836819 -0.5173561311383906 -0.27735009811261235
-0.6792247660066736 -0.8508766722009166 -4.5906031034963854e-14 6.885285668291255e-14 2.6597419283572646e-14 -6.651194256540563e-14 -1.3244733072800696e-14 -0.9342112160122215 0.5175540037555593 3.605551275463961
0.33536680165724747 0.500818580435438 -4.5906031034963854e-14 6.885285668291255e-14 2.6597419283572646e-14 -6.651194256540563e-14 -1.3244733072800696e-14 1.2024415549373668 -0.8457410777874326 -0.27735009811261235
-0.6101575827725597 -0.6816249510303267 -0.6627836539127956 -0.6368124126761157 -0.1502803478192391 -0.7399182737799156 -0.15136405809777662 1.2247723112796634 0.021659564118874795 -0.27735009811261235
-0.581245738628047 0.9274256584544596 -0.8848840491400853 6.885285668291255e-14 -0.22254950655225775 -0.7240378276865489 -0.2486627099604988 -0.8706692532731357 0.29586652293693017 -0.27735009811261235
1.744551501441648 0.29447059161102024 -4.5906031034963854e-14 6.885285668291255e-14 2.6597419283572646e-14 -6.651194256540563e-14 -1.3244733072800696e-14 1.1227397520817688 0.01391985157159134 -0.27735009811261235
0.27004745007149644 0.025522651120767504 -1.0448873103984093 6.885285668291255e-14 2.6597419283572646e-14 -6.651194256540563e-14 -0.23780586273489185 1.3417376821615676 -0.9308779158075545 -0.27735009811261235
1.0447777922402002 0.32461130907975516 -4.5906031034963854e-14 6.885285668291255e-14 2.6597419283572646e-14 -6.651194256540563e-14 -1.3244733072800696e-14 1.1244103130858278 0.01391985157159134 3.605551275463961
0.8150892526476815 1.1523217811057913 -4.5906031034963854e-14 6.885285668291255e-14 2.6597419283572646e-14 -6.651194256540563e-14 -1.3244733072800696e-14 -0.9508091251771218 0.5877642532916343 -0.27735009811261235
1.3852950677200173 -0.013892133261424446 -0.7375024193047894 -0.53127365082896 -0.22305693966974752 -0.6540293769233623 -0.2736964913260501 -1.632991728064348e-14 1.964070188337077e-15 -0.27735009811261235
1.0613753323972352 0.505455613892167 2.1998075849132404 -0.6349155146015913 -0.22322519380870467 1.3928025426684174 -0.028258930337230176 -1.085795689572078 -1.1398501545842175 -0.27735009811261235
-1.0454414585038356 0.016248584207310516 -0.9339471404178721 -0.6434953598081498 -0.10996345128436663 -0.7444238465951137 0.012809077651604944 -0.8339458088338665 -0.06679429356436838 -0.27735009811261235
-0.9619183531974653 0.06957446895968847 -0.5266248426544498 -0.644493326265028 0.22485427313848433 -0.6526414793677259 0.5599354921615188 0.7078307742770384 -0.9021304120605 -0.27735009811261235
0.6678530093191442 -1.358631835712687 -4.5906031034963854e-14 6.885285668291255e-14 2.6597419283572646e-14 -6.651194256540563e-14 -1.3244733072800696e-14 -1.2100766030649406 0.15489318725426027 -0.27735009811261235
-1.6467007358054626 -1.0038987762729574 -4.5906031034963854e-14 6.885285668291255e-14 2.6597419283572646e-14 -6.651194256540563e-14 -1.3244733072800696e-14 0.4991441133432791 -0.6704918722525062 -0.27735009811261235
-0.18397558390159346 -1.2264763821959253 -4.5906031034963854e-14 6.885285668291255e-14 2.6597419283572646e-14 -6.651194256540563e-14 -1.3244733072800696e-14 -1.1982802584817602 1.0714962874968725 -0.27735009811261235
1.8666237322740353 0.6445666175940219 -4.5906031034963854e-14 6.885285668291255e-14 2.6597419283572646e-14 -6.651194256540563e-14 -1.3244733072800696e-14 1.116132030834946 0.01391985157159134 -0.27735009811261235
0.10407204850114479 -1.1244616461478982 -4.5906031034963854e-14 6.885285668291255e-14 2.6597419283572646e-14 -6.651194256540563e-14 -1.3244733072800696e-14 0.2726618616619462 0.4959933759452688 -0.27735009811261235
0.9666087321457761 0.17854475519280835 0.48209772573765747 -0.6428840101275048 -0.22863469791120758 -0.13960616677485135 0.08304277222638756 -1.083866454772959 -1.9453330961122544 -0.27735009811261235
-0.191471247198319 0.7628109707405977 -4.5906031034963854e-14 6.885285668291255e-14 2.6597419283572646e-14 -6.651194256540563e-14 -1.3244733072800696e-14 0.5324128117292639 -0.8225219401455808 -0.27735009811261235
1.7033253533096577 0.8996034577140886 -4.5906031034963854e-14 6.885285668291255e-14 2.6597419283572646e-14 -6.651194256540563e-14 -1.3244733072800696e-14 -1.131096460583645 3.1379995376216505 -0.27735009811261235
0.44191230137498877 0.4103964280292331 -0.9168936267102401 -0.6324034578141439 -0.22747961989376375 -0.4035919798205002 -0.3059192661247736 -1.632991728064348e-14 1.964070188337077e-15 -0.27735009811261235
-0.4698815982195534 0.6862999187045778 8.264886195682136 0.07531854850051298 -0.22928234281116167 10.213520930467759 1.762302522952902 -1.0997855838632236 2.4104665581769718 -0.27735009811261235
-0.783093243118442 1.367943836843666 0.5770969691257604 6.885285668291255e-14 -0.2315911634957402 -0.2986234537610953 0.027936936848847113 1.0910827120700435 -0.38025265172936296 -0.27735009811261235
0.9339490563529007 0.6028333164834649 -0.8206202171653134 -0.6441581314245498 -0.2349615876761197 -0.7024518320985594 -0.2513774651526476 1.418172454860046 -1.4096344205181102 -0.27735009811261235
0.39479670350985707 1.8919286174539864 -0.8809415205244063 -0.6434420333562555 -0.23428723576998195 -0.7136614255699394 -0.31262355947159737 -1.0797372770035827 2.10087805628562 -0.27735009811261235
0.6384057606534369 -1.323854084787223 -4.5906031034963854e-14 6.885285668291255e-14 2.6597419283572646e-14 -6.651194256540563e-14 -1.3244733072800696e-14 0.980412325354478 0.20630699203264558 -0.27735009811261235
-0.21824147325805307 0.6283370004954719 -1.078215680717837 -0.5921762679244819 -0.2330667255873881 -6.651194256540563e-14 -0.1354841530266485 -1.113704710904228 0.026082257003036978 -0.27735009811261235
0.8568508053008667 0.6561592012358428 0.14758448297900909 -0.6184490680630997 -0.2201205043398527 0.579598723984828 -0.01196822564134939 -0.8931191337465422 0.6225929597544108 -0.27735009811261235
1.1556065281274988 -1.8130611144720785 -4.5906031034963854e-14 6.885285668291255e-14 2.6597419283572646e-14 -6.651194256540563e-14 -1.3244733072800696e-14 1.0220970954188628 -0.02201452811222658 -0.27735009811261235
-0.2942689152676979 0.44285566222633205 -1.0052127308631118 6.885285668291255e-14 2.6597419283572646e-14 -6.651194256540563e-14 -0.40727592274629626 -1.0687771491906233 -0.48860862739133665 -0.27735009811261235
-0.18022775225323068 0.5889222161132799 -1.0460922283945362 -0.632807215235629 -0.23454896443058193 -6.651194256540563e-14 -0.41456272561393337 -1.1016255166971303 -0.1237364644479568 -0.27735009811261235
0.21436537986724924 -1.6739501107702237 -4.5906031034963854e-14 6.885285668291255e-14 2.6597419283572646e-14 -6.651194256540563e-14 -1.3244733072800696e-14 0.44239035615270095 -0.2564172509728218 -0.27735009811261235
1.4645349368568295 0.6445666175940219 -4.5906031034963854e-14 6.885285668291255e-14 2.6597419283572646e-14 -6.651194256540563e-14 -1.3244733072800696e-14 1.0926128276221767 0.1935917499906795 -0.27735009811261235
0.8900458856149371 -1.39340958663815 -4.5906031034963854e-14 6.885285668291255e-14 2.6597419283572646e-14 -6.651194256540563e-14 -1.3244733072800696e-14 0.8459730038410888 -0.16575204684749728 -0.27735009811261235
-0.27606516154707855 0.9436552755530095 -0.039996473564865846 -0.32938541750571315 -0.22354968393383629 -0.5036700348845141 0.6198546384862278 -1.1134403202582048 2.799110695372724 -0.27735009811261235
-1.03794579520711 0.19709288901972233 -4.5906031034963854e-14 6.885285668291255e-14 2.6597419283572646e-14 -6.651194256540563e-14 -1.3244733072800696e-14 0.5893212033399193 -0.88167545747125 -0.27735009811261235
0.047319169254508846 -0.10663280239599435 6.751973924647703 -0.27171476429821123 -0.21671001965019768 7.6523948548231795 0.2484515671645093 1.337108618138547 -0.5494206545485664 -0.27735009811261235
-1.2569262443757345 0.037115234762589516 0.045514232959741364 5.712522531791349 -0.2304147198733494 -0.47420721124422605 0.2920028480172596 0.43700994539407 0.3301423927891867 -0.27735009811261235
-0.18879422459234577 -0.5772916982539358 -0.3857679284048206 3.796781174586932 -0.2189867919273558 -0.7189300024246962 0.5983745999062356 1.1999244063932493 -0.3222048076247346 -0.27735009811261235
-1.6204659142669233 0.7280332198151348 -4.5906031034963854e-14 6.885285668291255e-14 2.6597419283572646e-14 -6.651194256540563e-14 -1.3244733072800696e-14 -0.9998099836824568 -0.004876593186098306 -0.27735009811261235
0.5730864090676858 1.1175440301803274 -1.0432453595658844 -0.6376599223580065 2.6597419283572646e-14 -6.651194256540563e-14 0.2704999872358922 1.2494189354805545 -0.463178143307404 -0.27735009811261235
1.2798203770446652 1.0920403461683204 -4.5906031034963854e-14 6.885285668291255e-14 2.6597419283572646e-14 -6.651194256540563e-14 -1.3244733072800696e-14 -1.1192059198467175 3.1379995376216505 -0.27735009811261235
-0.7043887785028236 -0.9042025569532944 -4.5906031034963854e-14 6.885285668291255e-14 2.6597419283572646e-14 -6.651194256540563e-14 -1.3244733072800696e-14 1.0676109621153866 -0.5355997392855598 -0.27735009811261235
0.9864186994299796 0.5541444651878159 -0.7952676961101576 -0.5488218625344493 -0.23134946508977794 -0.5551580908595999 -0.35303081039204726 -1.632991728064348e-14 1.964070188337077e-15 -0.27735009811261235
-0.5673252210769854 0.9691589595650155 2.435729913015638 1.6835243531145991 -0.18912969436431878 3.971568275500538 0.6263187553328655 -1.113704710904228 2.799110695372724 -0.27735009811261235
0.5259708112025541 0.8833738406155386 -1.0112757920441324 6.885285668291255e-14 -0.23494422812210028 -6.651194256540563e-14 -0.27951071881924305 1.2407773602784928 -0.3222048076247346 -0.27735009811261235
1.6299749339059861 0.7349887700002268 -0.9638254134865766 6.885285668291255e-14 -0.23471988927015747 -6.651194256540563e-14 -0.15797162878162951 -1.0910804416659796 -0.36311471680323465 -0.27735009811261235
0.31876926150021223 1.2636105840672751 -1.0085289483364872 -0.48064399378763945 -0.23490149691220644 -0.7453792997247687 -0.3230446113280884 -1.0755058801630728 1.3114273764626705 -0.27735009811261235
1.1175928071226766 0.489225996793617 -4.5906031034963854e-14 6.885285668291255e-14 2.6597419283572646e-14 -6.651194256540563e-14 -1.3244733072800696e-14 -1.1297695870487272 1.5557811583126309 -0.27735009811261235
-2.064851666858509 -0.5401954306001079 -1.0075410079105442 -0.6444876127166108 -0.1715257712383508 -0.7418880468197259 -0.3446550624873672 0.619231853764796 -0.88167545747125 -0.27735009811261235
-0.13685998603646174 0.5471889150027229 -0.8219913307471127 6.885285668291255e-14 2.6597419283572646e-14 -6.651194256540563e-14 -0.352670002256021 1.3298539290425724 -0.8628790127135608 -0.27735009811261235
-0.34566774930238736 0.47531489642343205 -0.5771852330513058 6.885285668291255e-14 -0.23355012239931258 -0.49428304750169433 -0.2965360810451048 -1.044494073880334 0.6120890641545256 -0.27735009811261235
-0.4211597867908372 1.2079661825865333 -0.9560696194885198 6.885285668291255e-14 -0.22890043262273513 -0.7342761192796775 -0.31759010519942754 0.658227533614489 0.1454949648754159 -0.27735009811261235
-1.827667463969265 0.40112236111577615 -0.9080375563811097 -0.4044233533854918 -0.23495491092457377 -0.665085011122665 -0.331174748875112 -0.7746285441126683 -0.27576653234103143 -0.27735009811261235
-0.6963577106849034 -1.305305950960309 -4.5906031034963854e-14 6.885285668291255e-14 2.6597419283572646e-14 -6.651194256540563e-14 -1.3244733072800696e-14 1.0097591098935026 0.18585203744339604 -0.27735009811261235
-0.9726264436213591 1.0688551788846783 -0.19893485199647268 -0.6234807997025509 -0.23422981570668705 0.019775641429104665 -0.35792997628724604 -0.9108419697960152 -1.971316416806707 -0.27735009811261235
0.1693914000868962 -1.6623575271284026 -4.5906031034963854e-14 6.885285668291255e-14 2.6597419283572646e-14 -6.651194256540563e-14 -1.3244733072800696e-14 0.8203270563327102 1.317508579178394 -0.27735009811261235
1.0688709956939602 -1.386454036453058 -4.5906031034963854e-14 6.885285668291255e-14 2.6597419283572646e-14 -6.651194256540563e-14 -1.3244733072800696e-14 0.25906791087965336 0.5927397827863159 -0.27735009811261235
0.5008067987064034 -0.21328457190074923 0.5477357489902597 -0.2901047721371742 -0.20642648691917448 -0.4863337680272417 0.05080804294122941 1.4249974033853494 -0.9911371063542642 -0.27735009811261235
-0.139537008642435 -0.1622772038767363 -4.5906031034963854e-14 6.885285668291255e-14 2.6597419283572646e-14 -6.651194256540563e-14 -1.3244733072800696e-14 -1.175762859621894 0.5070501081556741 -0.27735009811261235
-0.6508483263833554 -1.5417946572534618 -4.5906031034963854e-14 6.885285668291255e-14 2.6597419283572646e-14 -6.651194256540563e-14 -1.3244733072800696e-14 -1.1991192279065792 1.317508579178394 -0.27735009811261235
0.7583363734010452 0.6839814019762138 -0.46560336344831005 -0.6082027712348458 -0.23474526092603193 -0.3705269620349959 -0.32006468389139026 -0.8946760001915124 0.8802148202568583 -0.27735009811261235
0.21811321151561203 -1.319217051330494 -4.5906031034963854e-14 6.885285668291255e-14 2.6597419283572646e-14 -6.651194256540563e-14 -1.3244733072800696e-14 -1.0367864634146242 0.15047049437009857 -0.27735009811261235
0.666782200276755 1.449091922336414 -4.5906031034963854e-14 6.885285668291255e-14 2.6597419283572646e-14 -6.651194256540563e-14 -1.3244733072800696e-14 -1.1337535792636202 3.266810467872874 -0.27735009811261235
0.09282855355605682 -0.9042025569532944 -4.5906031034963854e-14 6.885285668291255e-14 2.6597419283572646e-14 -6.651194256540563e-14 -1.3244733072800696e-14 -1.201985276726838 3.5857971921430716 -0.27735009811261235
0.033934056224641816 -1.0317209770133284 -4.5906031034963854e-14 6.885285668291255e-14 2.6597419283572646e-14 -6.651194256540563e-14 -1.3244733072800696e-14 -0.9501400316261143 0.2881268103896467 -0.27735009811261235
-1.426114073073254 0.8949664242573596 -0.3369633635936359 -0.05728910123139627 -0.2313601478922514 -0.6835035210983619 -0.058328810806231195 -0.8864788611838629 -0.38080548833988337 -0.27735009811261235
-0.7905889064151672 0.3153372421662982 0.4289551483708135 1.937369691228106 -0.23497093512828396 -0.6763149815565257 -0.11068076721783683 -1.0578083168256942 1.1516575960223119 -0.27735009811261235
1.5089735121159888 0.535596331360902 -4.5906031034963854e-14 6.885285668291255e-14 2.6597419283572646e-14 -6.651194256540563e-14 -1.3244733072800696e-14 1.1018595506941855 0.05759394380269272 -0.27735009811261235
-1.2435411313458675 -1.9313054676186554 -4.5906031034963854e-14 6.885285668291255e-14 2.6597419283572646e-14 -6.651194256540563e-14 -1.3244733072800696e-14 -1.2004225132286588 0.9366041545299263 3.605551275463961
1.5780406953501023 1.381854937213851 -1.044168668375177 6.885285668291255e-14 -0.231800813494282 -0.742560486581592 -0.11237178366258607 -1.0882607283275818 -0.36311471680323465 -0.27735009811261235
0.21597159343083336 0.7604924540122338 -1.0358342675232968 6.885285668291255e-14 2.6597419283572646e-14 -6.651194256540563e-14 -0.17341247816915945 1.2637410521993933 -0.42558525379202516 -0.27735009811261235
0.7235350795233914 0.11130777007024543 -0.9484692491400272 6.885285668291255e-14 -0.23449020901697787 -6.651194256540563e-14 -0.2587805525701486 -1.632991728064348e-14 1.964070188337077e-15 -0.27735009811261235
1.459180891644883 -1.8061055642869865 -4.5906031034963854e-14 6.885285668291255e-14 2.6597419283572646e-14 -6.651194256540563e-14 -1.3244733072800696e-14 1.0595450599637304 -0.47202352907572837 -0.27735009811261235
-0.6117637963361439 -1.9892683858277613 -4.5906031034963854e-14 6.885285668291255e-14 2.6597419283572646e-14 -6.651194256540563e-14 -1.3244733072800696e-14 1.0998600317958753 -0.2536530679202205 3.605551275463961
-0.3976019878582714 1.3053438851778312 -0.6017744854907798 6.885285668291255e-14 -0.23216669947899832 -0.7146621608384407 -0.07818412600261156 1.1409064027584872 -0.295115813709241 -0.27735009811261235
-0.8874971247514046 -1.1337357130613552 -4.5906031034963854e-14 6.885285668291255e-14 2.6597419283572646e-14 -6.651194256540563e-14 -1.3244733072800696e-14 0.8540026748947929 -0.1895240210998691 -0.27735009811261235
