-0.21824147325805307 1.377217903757123 -0.924931029895131 6.885285668291255e-14 -0.23473057207263093 -0.7015778868188275 -0.033799291413921316 -0.8782168545909088 0.7320546086374249 -0.27735009811261235
-1.3259934276098484 0.8462775729617106 0.18606183875825738 0.23200309126268012 -0.216261341946312 -0.11189123369402712 -0.15019360519867966 1.141307574744101 -0.295115813709241 -0.27735009811261235
0.743880451328789 1.0062552272188434 -0.7970819979204172 -0.6311217184525426 -0.23384657016795132 -0.21450735264037116 -0.3656743099538802 -0.8951376678992451 0.3915072565569373 -0.27735009811261235
-1.829273677532849 0.8996034577140886 -0.4661142609894519 5.318784769713949 -0.22892179822768208 -0.7329991629642143 -0.06371050324479034 -0.8856743129996554 0.5103671278187958 -0.27735009811261235
-0.09242141077730293 1.0711736956130424 -4.5906031034963854e-14 6.885285668291255e-14 2.6597419283572646e-14 -6.651194256540563e-14 -1.3244733072800696e-14 -1.1373654329475182 3.266810467872874 -0.27735009811261235
0.1420857695059672 0.5750111157430939 -0.5122643129739208 -0.6329043455587221 -0.224747493161174 -0.48807033805199396 -0.24591861193801054 -1.632991728064348e-14 1.964070188337077e-15 -0.27735009811261235
1.5941028309859424 0.8323664725915256 -1.0199302732832338 6.885285668291255e-14 -0.2344942150679054 -6.651194256540563e-14 -0.32604627419466764 -1.0901237166024695 1.7133395923109087 -0.27735009811261235
-1.8191009916301502 0.8045442718511547 13.552654202627929 -0.315901443241022 -0.19984053919428077 12.069509011785234 0.47714523974442774 1.1597953405999293 -0.2144016685732813 3.605551275463961
-1.7853705067948848 -1.4560095383039848 -4.5906031034963854e-14 6.885285668291255e-14 2.6597419283572646e-14 -6.651194256540563e-14 -1.3244733072800696e-14 0.4849667721535235 -0.4648366531389649 -0.27735009811261235
0.7342431699472843 0.9459737922813736 -1.019119300379072 6.885285668291255e-14 -0.23498161793075742 -0.7437717837957282 0.33117335297747513 1.3817188593667138 -1.264791228561799 -0.27735009811261235
-1.0149234007957388 0.9506108257381015 -0.5135984942033485 6.885285668291255e-14 -0.23258867017670037 -0.7390262156446451 -0.306443089984908 -0.888799839996014 0.0913169770444293 -0.27735009811261235
-0.5496568718775606 -0.8439211220158246 -4.5906031034963854e-14 6.885285668291255e-14 2.6597419283572646e-14 -6.651194256540563e-14 -1.3244733072800696e-14 -1.0550025600206678 0.19801444287484216 -0.27735009811261235
1.538420760781696 0.0023374838371255442 -1.067997729895 6.885285668291255e-14 -0.23500298353570437 -6.651194256540563e-14 -0.04395517102586299 1.2827719580711585 -0.6975808661679992 -0.27735009811261235
1.4297336429791758 -1.0780913115806132 -4.5906031034963854e-14 6.885285668291255e-14 2.6597419283572646e-14 -6.651194256540563e-14 -1.3244733072800696e-14 -1.2098294256508502 1.1179345627805752 -0.27735009811261235
-0.47791266603747357 0.4474926956830611 0.6385016214877566 5.798425732244582 -0.23009957720038204 -0.604264306331375 0.6542422621011084 -1.1048041197840013 2.4104665581769718 -0.27735009811261235
-0.8601914941704759 0.4498112124114251 -0.7082535350744191 -0.6410480565694311 -0.18859421889033615 -0.615752384956659 0.24997304725618597 -1.1115800271821268 2.799110695372724 -0.27735009811261235
0.23524615619384184 -0.28515859048004116 -4.5906031034963854e-14 6.885285668291255e-14 2.6597419283572646e-14 -6.651194256540563e-14 -1.3244733072800696e-14 -1.1149077437101191 -1.4837145263278269 -0.27735009811261235
0.2513082918296821 1.0781292457981353 0.9061842337818002 -0.5655606548808295 -0.22221700432527103 -0.3681564420663967 0.4006810841942291 -0.7924981196345431 0.23560733239022047 -0.27735009811261235
-0.24608250836017667 -1.5557057576236477 -4.5906031034963854e-14 6.885285668291255e-14 2.6597419283572646e-14 -6.651194256540563e-14 -1.3244733072800696e-14 0.8157277596314266 1.317508579178394 3.605551275463961
-0.5839227612340202 0.2875150414259272 -4.5906031034963854e-14 6.885285668291255e-14 2.6597419283572646e-14 -6.651194256540563e-14 -1.3244733072800696e-14 -1.1577552726842282 3.4243689018711523 -0.27735009811261235
1.1614959778606402 -0.414995527268439 0.6887188487771588 -0.5960710034289018 -0.22291138648604653 0.4235451529860687 11.34448850444101 1.2563570745209844 -0.6655163427578235 -0.27735009811261235
-0.6524545399469395 -1.8107425977437146 -4.5906031034963854e-14 6.885285668291255e-14 2.6597419283572646e-14 -6.651194256540563e-14 -1.3244733072800696e-14 1.0066762124806419 0.2748587317371597 -0.27735009811261235
-1.1739385435905592 0.7488998703704127 -0.6339871909989789 -0.6430935069028038 0.7430516494705971 -0.7093573582726068 0.2411897600412355 0.5182416992693154 0.4644816891456131 -0.27735009811261235
0.9162807071534763 0.5564629819161799 1.9366722685049624 -0.644327633360928 -0.2259159246817097 0.8818230391791608 0.24951225614270678 -1.085795689572078 -2.073038353142437 -0.27735009811261235
-1.7917953610492212 -0.5262843302299229 -4.5906031034963854e-14 6.885285668291255e-14 2.6597419283572646e-14 -6.651194256540563e-14 -1.3244733072800696e-14 0.8404846258208395 -0.1895240210998691 3.605551275463961
-0.44953622641415536 -0.030121750359974435 -1.0179867082396732 6.885285668291255e-14 -0.23480668704025437 -6.651194256540563e-14 -0.4028766717383626 -1.0660349410993912 -0.5151447846963098 -0.27735009811261235
-1.9406378179413426 1.481551156533514 -0.04771687405856645 -0.41408496375904796 -0.20822119773471728 -0.42909261631174467 -0.29463749124499117 -0.8768897381747024 0.11564178790732106 -0.27735009811261235
-0.9678078029306068 -0.1390920365930933 -4.5906031034963854e-14 6.885285668291255e-14 2.6597419283572646e-14 -6.651194256540563e-14 -1.3244733072800696e-14 -1.1507169385833986 -0.3332615398351398 -0.27735009811261235
1.5892841902951909 0.17158920500771535 -4.5906031034963854e-14 6.885285668291255e-14 2.6597419283572646e-14 -6.651194256540563e-14 -1.3244733072800696e-14 1.2121809770661942 -0.7865875604617634 -0.27735009811261235
1.3756577863385127 0.20404843920481533 0.6776853085061136 -0.5978612485996377 -0.234120316981334 0.8312270413393456 0.07650910200413039 1.2926931833731805 -0.5079579087595458 -0.27735009811261235
0.10085962137397697 -0.21328457190074923 0.6753924249630373 -0.0025304532005487198 -0.2296562408977331 0.3065270497796867 0.21973906429158271 1.3324649786266143 -0.693158173283837 -0.27735009811261235
1.7338434110177543 0.7813591045675117 -4.5906031034963854e-14 6.885285668291255e-14 2.6597419283572646e-14 -6.651194256540563e-14 -1.3244733072800696e-14 -1.1287510526148412 3.1379995376216505 -0.27735009811261235
1.0779728725542699 0.5889222161132799 -1.050628752344193 6.885285668291255e-14 2.6597419283572646e-14 -6.651194256540563e-14 -0.23825252581894832 1.2847843183382153 -0.6655163427578235 -0.27735009811261235
1.4291982384579809 0.5379148480892659 -4.5906031034963854e-14 6.885285668291255e-14 2.6597419283572646e-14 -6.651194256540563e-14 -1.3244733072800696e-14 1.215626480572398 -0.7749779916408377 -0.27735009811261235
-1.3158207417071495 -1.4838317390443558 -4.5906031034963854e-14 6.885285668291255e-14 2.6597419283572646e-14 -6.651194256540563e-14 -1.3244733072800696e-14 -1.063606128218585 -1.0696399050481427 -0.27735009811261235
-2.158012053546383 -0.5309213636866509 -4.5906031034963854e-14 6.885285668291255e-14 2.6597419283572646e-14 -6.651194256540563e-14 -1.3244733072800696e-14 -1.035399715724754 -1.4041060544129076 3.605551275463961
-0.4666691710923852 -0.6004768655375788 -4.5906031034963854e-14 6.885285668291255e-14 -0.23515120742002374 -6.651194256540563e-14 -0.3263788262718484 1.180553975985388 -0.06126592745916577 -0.27735009811261235
-1.5198098642823232 0.36402609346194814 1.3148699508869441 8.379593601346953 -0.19882433760899199 -0.6783707906601437 -0.2384470579163841 1.1525411659944251 -0.295115813709241 3.605551275463961
1.405640439525415 -1.8153796312004424 -4.5906031034963854e-14 6.885285668291255e-14 2.6597419283572646e-14 -6.651194256540563e-14 -1.3244733072800696e-14 1.0001743378545134 0.15047049437009857 -0.27735009811261235
-1.308325078410424 0.48458896333688906 1.1505332936170074 -0.4364477922641332 -0.12448137984581117 5.237124812509193 -0.37290242716083843 0.5329569180470989 0.44126255150376176 -0.27735009811261235
-0.49665182427928745 0.7071665692598558 -0.15898327981838725 -0.5344084843938869 -0.23476796188128807 -0.7104622424604544 0.13369175770680944 1.4031629057471369 -1.3571149425186846 -0.27735009811261235
-1.9245756823055022 0.28055949124083523 -4.5906031034963854e-14 6.885285668291255e-14 2.6597419283572646e-14 -6.651194256540563e-14 -1.3244733072800696e-14 0.6013005968422561 0.37934485112549116 -0.27735009811261235
-0.626755122929595 0.2875150414259272 0.6684229823008948 3.6416354808651428 -0.0908318874046926 -0.13892693469215817 0.013663280045931946 0.4074771137883761 0.3848732172306938 -0.27735009811261235
0.3075257665551235 -1.2450245160228381 -4.5906031034963854e-14 6.885285668291255e-14 2.6597419283572646e-14 -6.651194256540563e-14 -1.3244733072800696e-14 0.8197375155442436 0.016131198013672188 -0.27735009811261235
1.0469194103249784 0.10667073661351642 -0.5337066212217231 -0.6174396745093871 -0.2349949714338493 -0.7271577670530529 0.15063452529912302 1.385049547925952 -1.264791228561799 -0.27735009811261235
-0.9394313633072886 -0.12054390276617932 6.738367430494763 0.12362469585215519 -0.19696285927799 10.141773645572878 0.3612356260460177 -1.0997855838632236 -1.7800349495666927 -0.27735009811261235
0.15118764636627688 1.1244995803654203 -0.03250690027348837 6.885285668291255e-14 -0.23142424470709222 -0.2696723182897694 -0.054821799194916504 1.3718236171392628 -1.1873941030889605 -0.27735009811261235
-0.30390619664920215 1.6647139780742888 1.9822175532193445 6.885285668291255e-14 -0.20654132704576428 0.5892392913451867 0.060300991941797735 -0.7950579578295747 0.23560733239022047 -0.27735009811261235
0.2582685506052135 -0.08576615184071534 1.039863960887196 -0.6418555714124012 -0.20589635284642857 0.9071357547941936 0.436305453769344 -1.632991728064348e-14 1.964070188337077e-15 -0.27735009811261235
0.6303746928355163 0.472996379695067 -0.6915462621702718 -0.6434363198078383 -0.22994067051358918 -0.6464332981319101 -0.29940515778940935 -0.8938975682748406 -2.029364260911336 -0.27735009811261235
0.4301334019087058 0.47995192988016 -4.5906031034963854e-14 6.885285668291255e-14 2.6597419283572646e-14 -6.651194256540563e-14 -1.3244733072800696e-14 -1.132699325610625 -0.5980702762743504 -0.27735009811261235
1.8666237322740353 0.6445666175940219 -4.5906031034963854e-14 6.885285668291255e-14 2.6597419283572646e-14 -6.651194256540563e-14 -1.3244733072800696e-14 1.116132030834946 0.01391985157159134 -0.27735009811261235
1.4805970724926707 -1.7458241293495156 -4.5906031034963854e-14 6.885285668291255e-14 2.6597419283572646e-14 -6.651194256540563e-14 -1.3244733072800696e-14 1.0063695866067608 0.20630699203264558 -0.27735009811261235
0.1544000734934451 0.5564629819161799 -0.5477978524995417 -0.571689387816391 -0.12034579993826944 -0.7177662514563485 -0.23756351269171758 -1.632991728064348e-14 1.964070188337077e-15 -0.27735009811261235
-0.20806878735535425 -1.340083701885773 -4.5906031034963854e-14 6.885285668291255e-14 2.6597419283572646e-14 -6.651194256540563e-14 -1.3244733072800696e-14 -1.2004225132286588 1.2649891011789678 3.605551275463961
1.405640439525415 -1.8153796312004424 -4.5906031034963854e-14 6.885285668291255e-14 2.6597419283572646e-14 -6.651194256540563e-14 -1.3244733072800696e-14 1.0001743378545134 0.15047049437009857 -0.27735009811261235
1.677625936292313 0.9297441751828235 -4.5906031034963854e-14 6.885285668291255e-14 2.6597419283572646e-14 -6.651194256540563e-14 -1.3244733072800696e-14 -1.133302611390696 0.3688409555256059 -0.27735009811261235
0.4365582561630422 -1.5997575754625677 -4.5906031034963854e-14 6.885285668291255e-14 2.6597419283572646e-14 -6.651194256540563e-14 -1.3244733072800696e-14 1.0212845791614307 0.18585203744339604 -0.27735009811261235
1.7290247703270027 0.6445666175940219 -4.5906031034963854e-14 6.885285668291255e-14 2.6597419283572646e-14 -6.651194256540563e-14 -1.3244733072800696e-14 1.125188277521311 0.07473187872882099 -0.27735009811261235
-0.49290399263092466 -1.0294024602849634 -4.5906031034963854e-14 6.885285668291255e-14 2.6597419283572646e-14 -6.651194256540563e-14 -1.3244733072800696e-14 -1.2079364167264306 0.0802602448340241 -0.27735009811261235
0.8038457577025935 -1.423550304106886 -4.5906031034963854e-14 6.885285668291255e-14 2.6597419283572646e-14 -6.651194256540563e-14 -1.3244733072800696e-14 -0.9398382165689232 0.33511792228386933 -0.27735009811261235
-1.4154059826493601 -1.1290986796046263 -4.5906031034963854e-14 6.885285668291255e-14 2.6597419283572646e-14 -6.651194256540563e-14 -1.3244733072800696e-14 -1.063606128218585 0.28923248361068665 -0.27735009811261235
1.5068318940312098 0.17390772173607935 -4.5906031034963854e-14 6.885285668291255e-14 2.6597419283572646e-14 -6.651194256540563e-14 -1.3244733072800696e-14 1.0992566937832693 0.1935917499906795 -0.27735009811261235
-0.0014026421742073442 0.7349887700002268 1.4903755670532892 -0.6217819713064909 -0.23494823417302785 -0.5922102009705131 -0.324743235173296 0.6589521555735305 0.1454949648754159 -0.27735009811261235
0.5848653085339688 1.9661211527616405 0.0411285161156021 1.415840800734532 -0.23136682464379732 0.08672301960628724 -0.3243117868901563 -1.0799810279633724 -0.24591335537293704 -0.27735009811261235
-0.5721438617677373 0.9529293424664665 -0.0960644010091515 0.9964225430377687 -0.22811524664093516 -0.4539004360786421 -0.2247124397745201 -0.8837248589862113 -0.38080548833988337 -0.27735009811261235
-0.49504561071570335 -1.1151875792344412 -4.5906031034963854e-14 6.885285668291255e-14 2.6597419283572646e-14 -6.651194256540563e-14 -1.3244733072800696e-14 -1.1976012355258359 3.398938417787219 -0.27735009811261235
0.45583281892605076 1.2566550338821822 0.6598038945661495 6.885285668291255e-14 -0.2312693440712269 -0.5518728716863072 -0.25959019733321936 0.5024519371102889 0.4738799115244574 -0.27735009811261235
-1.100588124186888 0.24114470685864228 -0.3961474582692835 4.6412741029135285 -0.22725394569151172 -0.6773519425361039 -0.03630756002219968 -1.0605505249169263 1.1516575960223119 -0.27735009811261235
0.5720156000252966 -0.0463513674585234 -1.0795575561873418 6.885285668291255e-14 -0.2279910590621811 -6.651194256540563e-14 -0.33165944896146043 -1.632991728064348e-14 1.964070188337077e-15 -0.27735009811261235
1.0249678249559966 0.36402609346194814 -4.5906031034963854e-14 6.885285668291255e-14 2.6597419283572646e-14 -6.651194256540563e-14 -1.3244733072800696e-14 -1.131096460583645 -0.5250958436856745 -0.27735009811261235
-1.6467007358054626 -1.0038987762729574 -4.5906031034963854e-14 6.885285668291255e-14 2.6597419283572646e-14 -6.651194256540563e-14 -1.3244733072800696e-14 0.4991441133432791 -0.6704918722525062 -0.27735009811261235
-0.11276678258270094 0.3454779596350342 0.35658774274648497 0.7945324051983828 -0.23460771984418602 -0.46935296595991205 0.43594464563331786 1.2581797288322898 -0.2647098001306262 -0.27735009811261235
-0.07207603897190527 0.500818580435438 -0.6374603709699341 6.885285668291255e-14 -0.23490149691220644 -0.6522724299361293 -0.32714173986067485 1.38335166147117 -1.2896688760352113 -0.27735009811261235
-1.4084457238738297 -0.30602524103531914 -4.5906031034963854e-14 6.885285668291255e-14 2.6597419283572646e-14 -6.651194256540563e-14 -1.3244733072800696e-14 -0.9162726700394124 0.39924696910422075 -0.27735009811261235
0.37873456787401677 1.3424401528316592 -4.5906031034963854e-14 6.885285668291255e-14 2.6597419283572646e-14 -6.651194256540563e-14 -1.3244733072800696e-14 -0.8822734813690712 0.3787920145149712 -0.27735009811261235
1.5143275573279353 0.5379148480892659 -4.5906031034963854e-14 6.885285668291255e-14 2.6597419283572646e-14 -6.651194256540563e-14 -1.3244733072800696e-14 1.094257530909749 0.1935917499906795 -0.27735009811261235
0.31555683437304405 1.0294403945024864 0.16271905321132818 6.885285668291255e-14 -0.1945325217152758 -0.4982361782229687 -0.18294889802948994 -0.8971098691817124 -2.0465021958374643 -0.27735009811261235
-0.17540911156247874 0.8880108740722676 -0.3776197281628145 -0.6346698320196499 -0.2346344268503697 -0.3147235182278661 1.1184784412164779 0.6824054935595745 -0.7711081353671955 -0.27735009811261235
0.9591130688490507 0.2712854243273783 -4.5906031034963854e-14 6.885285668291255e-14 2.6597419283572646e-14 -6.651194256540563e-14 -1.3244733072800696e-14 -1.1276364756070925 1.5557811583126309 -0.27735009811261235
-0.3462031538235819 1.7319509631968517 -0.9727784312406826 6.885285668291255e-14 -0.23481069309118194 -0.7057053537746599 -0.3296760909848105 -0.8782168545909088 0.0913169770444293 -0.27735009811261235
-1.7436089541417 -1.2473430327512032 -4.5906031034963854e-14 6.885285668291255e-14 2.6597419283572646e-14 -6.651194256540563e-14 -1.3244733072800696e-14 -1.1849768485641736 -0.11986660817431458 3.605551275463961
0.26362259581716 1.9661211527616405 0.2224817547407991 0.4277492600373917 -0.23229355775837077 -0.18906558292962677 0.5718780241096866 -1.0799810279633724 2.10087805628562 -0.27735009811261235
-0.5095015327879595 -1.467602121945806 -4.5906031034963854e-14 6.885285668291255e-14 2.6597419283572646e-14 -6.651194256540563e-14 -1.3244733072800696e-14 0.4675164854720521 0.6579745028277082 -0.27735009811261235
-0.2835608248438041 -0.3570326090593331 2.3794049979527663 -0.1361017880988327 -0.22833557944195046 -0.4499971157100986 0.9168084286077255 1.3237315812395238 -0.915951327323507 -0.27735009811261235
1.236452610827896 -0.8763803562129235 -4.5906031034963854e-14 6.885285668291255e-14 2.6597419283572646e-14 -6.651194256540563e-14 -1.3244733072800696e-14 -1.2095838752802275 3.512269922943875 -0.27735009811261235
0.6860567630397635 -1.1430097799748122 -4.5906031034963854e-14 6.885285668291255e-14 2.6597419283572646e-14 -6.651194256540563e-14 -1.3244733072800696e-14 -1.0394064578202975 0.16042155335946384 -0.27735009811261235
-1.2579970534181242 -1.4931058059578128 -4.5906031034963854e-14 6.885285668291255e-14 2.6597419283572646e-14 -6.651194256540563e-14 -1.3244733072800696e-14 0.48057848444742013 0.7243148960901414 -0.27735009811261235
0.04571295569092474 0.7836776212958767 -4.5906031034963854e-14 6.885285668291255e-14 2.6597419283572646e-14 -6.651194256540563e-14 -1.3244733072800696e-14 -0.9387678413439786 0.3467274911047955 -0.27735009811261235
-0.029243677276330555 1.444454888879686 0.8589246723781647 6.885285668291255e-14 -0.2334993790875636 -0.3594622714079239 -0.05775390868587624 -0.8972042246446917 0.17866516150663253 -0.27735009811261235
-0.23912224958464567 0.9227886249977305 0.1820300569576804 6.885285668291255e-14 -0.19802713347440937 -0.4742592857038992 -0.18340425528549886 0.656244227695065 -0.7075319251573645 -0.27735009811261235
0.5613075096014029 0.23187063994518528 -0.5628170091306993 -0.5420970160473556 2.6597419283572646e-14 -0.5841748854322527 -0.23248937658597596 1.1017373761830274 -0.38025265172936296 -0.27735009811261235
-0.18879422459234577 -0.10663280239599435 -0.9524163942997524 -0.6439848204558934 -0.2263806265893056 -0.7019356157157127 -0.18899026076494033 1.2366333745854234 -0.42558525379202516 -0.27735009811261235
0.13030687003968427 0.9482923090097375 -1.0178666780944652 6.885285668291255e-14 -0.23503236124250643 -6.651194256540563e-14 -0.39511712327081167 -1.0808254530764796 -1.442804617149327 -0.27735009811261235
1.8414597197778855 0.9668404428366515 -1.0654324702531826 6.885285668291255e-14 -0.2345623179336738 -6.651194256540563e-14 -0.23194816438193666 -1.632991728064348e-14 1.964070188337077e-15 -0.27735009811261235
0.42585016573914847 0.9251071417260955 -4.5906031034963854e-14 6.885285668291255e-14 2.6597419283572646e-14 -6.651194256540563e-14 -1.3244733072800696e-14 -1.1149077437101191 2.799110695372724 -0.27735009811261235
-1.5679962711898445 -0.6004768655375788 2.04131701125414 9.420981121680127 -0.12442529513282545 -0.734192347322812 -0.2374559223138062 -1.0632927330081583 -1.2194586264991363 3.605551275463961
1.1411506060552425 0.9204701082693666 -0.9101396227702655 -0.44097101809444983 -0.20933621524288562 -0.6608783004238519 -0.35826578867890896 -1.632991728064348e-14 1.964070188337077e-15 -0.27735009811261235
1.0201491842652444 0.6144259001252859 0.9312443737140136 -0.6431773056129233 -0.22603744155984543 0.6715848608370238 -0.2568460993107311 -1.632991728064348e-14 1.964070188337077e-15 -0.27735009811261235
-1.8994116698093524 0.9575663759231945 0.041913328603500624 6.885285668291255e-14 -0.18414483166013623 -0.4816402743358318 -0.21314484399180134 -0.8758175269761508 -2.153199661667877 -0.27735009811261235
0.472430359083086 1.1801439818461623 0.1870343907040457 -0.6376275455836422 -0.22160140783273738 -0.2539096057574029 0.04853886406164317 -0.8970155111071064 0.17866516150663253 -0.27735009811261235
0.7776109361640536 -0.6051138989943068 -4.5906031034963854e-14 6.885285668291255e-14 2.6597419283572646e-14 -6.651194256540563e-14 -1.3244733072800696e-14 -1.2079364167264306 0.9382626643614862 -0.27735009811261235
-1.5374782134817475 0.2921520748826562 -4.5906031034963854e-14 6.885285668291255e-14 2.6597419283572646e-14 -6.651194256540563e-14 -1.3244733072800696e-14 0.5192187662936089 0.4246774531881539 -0.27735009811261235
-0.14703267193916056 0.45212972913978905 0.6044438372089881 -0.6405338372118793 -0.22974971541937594 0.5174218191350939 -0.2814321308207319 -1.632991728064348e-14 1.964070188337077e-15 -0.27735009811261235
-0.7461503311560087 -1.326172601515587 -4.5906031034963854e-14 6.885285668291255e-14 2.6597419283572646e-14 -6.651194256540563e-14 -1.3244733072800696e-14 -1.0612741988554562 0.760249275773959 -0.27735009811261235
0.3182338569790173 -1.386454036453058 -4.5906031034963854e-14 6.885285668291255e-14 2.6597419283572646e-14 -6.651194256540563e-14 -1.3244733072800696e-14 1.0075145081057586 -0.7528645272200267 -0.27735009811261235
-1.8844203432159012 -1.5325205903400048 -4.5906031034963854e-14 6.885285668291255e-14 2.6597419283572646e-14 -6.651194256540563e-14 -1.3244733072800696e-14 0.834970794886249 0.1991201160958821 -0.27735009811261235
1.8366410790871333 -0.7465434194245256 -4.5906031034963854e-14 6.885285668291255e-14 2.6597419283572646e-14 -6.651194256540563e-14 -1.3244733072800696e-14 -1.2100766030649406 1.1179345627805752 -0.27735009811261235
0.7267475066505595 0.9923441268486585 -0.200912271696374 6.885285668291255e-14 -0.22741285237830458 0.46182667316665665 0.0001840532051708482 -0.7874111042486597 0.5595695861551002 -0.27735009811261235
-0.7193801050962747 -1.0734542781238843 -4.5906031034963854e-14 6.885285668291255e-14 2.6597419283572646e-14 -6.651194256540563e-14 -1.3244733072800696e-14 1.1090535194681397 -0.700345049220601 3.605551275463961
-0.4843375202918096 0.6306555172238358 -0.4537419229449327 -0.6398463068856711 -0.22969363070639023 -0.7362617410680838 -0.40433294554039595 -0.7636588708039243 -0.3597976971401129 -0.27735009811261235
1.538420760781696 0.0023374838371255442 0.13411340745143185 -0.642061259155422 -0.2345770067870748 1.5311734384477307 0.005608129731998114 1.2827719580711585 -0.6975808661679992 -0.27735009811261235
0.691946212772905 0.11130777007024543 0.10729590308553183 -0.6081532538152297 -0.23376644914940034 -0.4545366501294314 0.0672802384766174 -1.632991728064348e-14 1.964070188337077e-15 -0.27735009811261235
1.6979713080977106 0.6445666175940219 -4.5906031034963854e-14 6.885285668291255e-14 2.6597419283572646e-14 -6.651194256540563e-14 -1.3244733072800696e-14 1.1398787250193365 -0.7174829841467293 -0.27735009811261235
-1.8078574966850616 -0.5401954306001079 -0.8845578133608019 -0.6387454965572825 -0.0935012526727507 -0.7374594536405662 -0.07625401982917034 0.619231853764796 -0.5903305637270664 -0.27735009811261235
0.874519154500291 0.34779647636339817 -0.14954244724337162 -0.6191270758086125 -0.23033059280387083 -0.4016946582028439 0.2764174580210203 -1.0906027672978738 -1.1398501545842175 -0.27735009811261235
1.0067640712353774 -0.3477585421458761 -0.31433152582986185 -0.6206773519458242 -0.23293185520616055 0.023952918737667715 10.986270144885165 1.2573816783754461 -0.6655163427578235 -0.27735009811261235
-1.2676343347996284 0.577329632471458 0.48064043666699097 0.5728981485451472 -0.23458902493985745 1.4759020597720438 0.14310211207382947 -0.818505409208916 -0.17902012549998383 3.605551275463961
0.5580950824742347 -1.7713278133615225 -4.5906031034963854e-14 6.885285668291255e-14 2.6597419283572646e-14 -6.651194256540563e-14 -1.3244733072800696e-14 -1.208419962031478 1.0996909546334066 -0.27735009811261235
0.3198400705426014 -0.03244026708833843 -0.7829015134577004 -0.6399510552733206 -0.22700423518369436 -0.7334519843526764 -0.10884412339288434 -1.632991728064348e-14 1.964070188337077e-15 -0.27735009811261235
-0.03620393605186155 -1.298350400775216 -4.5906031034963854e-14 6.885285668291255e-14 2.6597419283572646e-14 -6.651194256540563e-14 -1.3244733072800696e-14 -1.0366523981668578 0.15047049437009857 -0.27735009811261235
-0.0265666546703573 -1.2056097316406462 -4.5906031034963854e-14 6.885285668291255e-14 2.6597419283572646e-14 -6.651194256540563e-14 -1.3244733072800696e-14 0.9850991089403794 0.35888989653624165 -0.27735009811261235
0.11906337509459593 -1.381817002996329 -4.5906031034963854e-14 6.885285668291255e-14 2.6597419283572646e-14 -6.651194256540563e-14 -1.3244733072800696e-14 -1.0402320687742719 0.34175196161011284 -0.27735009811261235
-0.19307746076190313 1.5418325914709838 -0.36541512455198344 -0.6458569598206099 -0.2216815288512884 -0.5015961129253577 -0.31489925898014803 -0.8809708567885597 0.0913169770444293 -0.27735009811261235
-1.4373575680183424 0.505455613892167 0.16075702199158165 -0.6353078449262419 -0.23222946094352995 -0.512547598205314 -0.26868430119546954 0.7508797902551838 -1.3333429682663127 -0.27735009811261235
1.2798203770446652 1.0920403461683204 -4.5906031034963854e-14 6.885285668291255e-14 2.6597419283572646e-14 -6.651194256540563e-14 -1.3244733072800696e-14 -1.1192059198467175 3.1379995376216505 -0.27735009811261235
-0.8858909111878205 0.41735197821432507 -4.5906031034963854e-14 6.885285668291255e-14 2.6597419283572646e-14 -6.651194256540563e-14 -1.3244733072800696e-14 -0.8365780465457596 -0.06679429356436838 -0.27735009811261235
0.25933935964760263 -0.25269935628294116 0.32346865575716366 1.2840273342326196 -0.17182221900698963 -0.24604409823981585 0.239750874583107 1.2784159108973274 -0.3481881283191872 -0.27735009811261235
1.355312414533115 0.39184829420231915 -4.5906031034963854e-14 6.885285668291255e-14 2.6597419283572646e-14 -6.651194256540563e-14 -1.3244733072800696e-14 0.907103108380253 1.5557811583126309 -0.27735009811261235
-0.03727474509425108 0.025522651120767504 -0.689921238665917 6.885285668291255e-14 -0.2173950543588089 -0.6786039936752017 1.2154478013165015 1.3669704206966249 -0.9480158507336828 -0.27735009811261235
-0.2160998551732744 -0.0463513674585234 -0.04092286007018937 0.3358658789074446 -0.22824878167185353 0.0785563858653729 -0.1515824991680816 1.3319810964217158 -0.693158173283837 -0.27735009811261235
1.461322509729662 -1.7203204453375085 -4.5906031034963854e-14 6.885285668291255e-14 2.6597419283572646e-14 -6.651194256540563e-14 -1.3244733072800696e-14 1.0222574153503836 -0.02201452811222658 -0.27735009811261235
-0.18397558390159346 -1.2264763821959253 -4.5906031034963854e-14 6.885285668291255e-14 2.6597419283572646e-14 -6.651194256540563e-14 -1.3244733072800696e-14 -1.1982802584817602 1.0714962874968725 -0.27735009811261235
1.2075407666833828 0.057981885317867486 -0.31615967727226085 -0.6029310705618705 -0.221467872801819 0.31351181969671504 -0.022307769635786363 -1.632991728064348e-14 1.964070188337077e-15 -0.27735009811261235
2.047590460437837 0.7349887700002268 -1.0480388711341277 6.885285668291255e-14 -0.23495491092457377 -6.651194256540563e-14 -0.18766548631368757 -1.0910804416659796 -0.37582995884520076 -0.27735009811261235
-1.224266568582859 0.3222927923513912 -0.326770034339047 -0.3456652214625748 -0.23489882621158806 -0.6783526778046052 0.14504634627669347 -1.055879082026576 1.1516575960223119 -0.27735009811261235
-0.6497775173409662 0.6492036510507498 0.2979745606845829 -0.6245416151920189 -0.20832802575945197 -0.6244578761498433 -0.2510840368492528 0.6988379561696371 -0.14916694853188897 -0.27735009811261235
1.2573333871544885 0.7674480041973267 -0.6264468357230903 -0.445105722632394 -0.20776851397990403 -0.6633688180603936 -0.33393840878449327 -1.632991728064348e-14 1.964070188337077e-15 -0.27735009811261235
0.9976621943750676 1.8246916323314215 -0.6199652078818572 -0.5370386211819572 -0.23288378259502995 -0.7375092639932971 -0.09844045988029816 -1.0794935234321672 2.10087805628562 -0.27735009811261235
-1.418083005255334 0.22955212321682128 1.5521141494346462 2.198406482282781 -0.19370727522420028 1.108118263956165 0.08616615350030091 0.6052937271391597 -0.5903305637270664 -0.27735009811261235
-1.0261668957408272 -1.9336239843470193 -4.5906031034963854e-14 6.885285668291255e-14 2.6597419283572646e-14 -6.651194256540563e-14 -1.3244733072800696e-14 1.0000387918143774 0.2748587317371597 -0.27735009811261235
0.7754693180792753 1.423588238324407 -4.5906031034963854e-14 6.885285668291255e-14 2.6597419283572646e-14 -6.651194256540563e-14 -1.3244733072800696e-14 -0.9508091251771218 -0.011510632512341336 -0.27735009811261235
1.3563832235755042 0.2712854243273783 -4.5906031034963854e-14 6.885285668291255e-14 2.6597419283572646e-14 -6.651194256540563e-14 -1.3244733072800696e-14 1.2189193449413638 -0.7749779916408377 -0.27735009811261235
-0.7167030824903015 -1.9336239843470193 -4.5906031034963854e-14 6.885285668291255e-14 2.6597419283572646e-14 -6.651194256540563e-14 -1.3244733072800696e-14 0.9765435790049662 0.40201115215682254 -0.27735009811261235
0.3958675125522462 0.472996379695067 -0.6093810112313345 -0.6377037262292053 -0.23319224851645137 -0.5117302555991399 -0.07551936229918929 -0.8938975682748406 -0.23319811333097046 -0.27735009811261235
0.5848653085339688 0.489225996793617 -4.5906031034963854e-14 6.885285668291255e-14 -0.23463175614975132 -6.651194256540563e-14 -0.3669393119729599 1.3150877966012284 -0.915951327323507 -0.27735009811261235
0.17474544529884273 1.7713657475790445 0.8425590237334555 -0.13390207195819456 -0.22168820560283428 -0.42101201863463805 -0.09642232521583846 -0.7980944100722492 0.23560733239022047 -0.27735009811261235
-2.2335040910348334 -1.0409950439267854 -0.7537049500598567 0.30062471226989584 -0.2339974647528891 -0.7417612568309564 -0.17264087040838058 0.735389226503552 -1.3333429682663127 -0.27735009811261235
0.49063411280370456 1.0850847959832284 -0.9524810259164029 -0.6324472616853427 -0.23067110713271263 -0.6412235880576534 -0.09478673411728604 -0.8926372468244834 0.3915072565569373 -0.27735009811261235
0.3910488718614939 -0.0463513674585234 -0.7284509152776921 -0.6441409907792981 -0.2176888314268293 -0.7329991629642143 -0.3076841830311185 -1.632991728064348e-14 1.964070188337077e-15 -0.27735009811261235
0.9607192824126347 0.36402609346194814 -4.5906031034963854e-14 6.885285668291255e-14 2.6597419283572646e-14 -6.651194256540563e-14 -1.3244733072800696e-14 -1.132096039830554 -0.700345049220601 -0.27735009811261235
0.3492873192083087 0.5564629819161799 -0.11986268556866501 -0.5338066572939374 -0.15699448917381448 -0.7127240852958228 -0.29248351014377466 -1.632991728064348e-14 1.964070188337077e-15 -0.27735009811261235
0.7545885417526828 0.6538406845074789 -0.3638101060718301 6.885285668291255e-14 -0.22932640937136473 -0.5849876998245422 -0.2599336171253407 1.3019686291162247 -1.1199480366054875 -0.27735009811261235
-0.7681019165249908 -0.1553216536916433 -0.6339764190628706 8.3905998001147 -0.23383855806609624 -0.7224574810408161 -0.05876243263235902 -1.0605505249169263 -0.5140391114752688 -0.27735009811261235
1.1277654930253755 0.8810553238871746 -4.5906031034963854e-14 6.885285668291255e-14 2.6597419283572646e-14 -6.651194256540563e-14 -1.3244733072800696e-14 1.218573803217228 -0.7998556391142498 -0.27735009811261235
1.6353289791179335 0.6932554688896708 -4.5906031034963854e-14 6.885285668291255e-14 2.6597419283572646e-14 -6.651194256540563e-14 -1.3244733072800696e-14 -1.132096039830554 3.1379995376216505 -0.27735009811261235
-0.5667898165557904 -1.9591276683590264 -4.5906031034963854e-14 6.885285668291255e-14 2.6597419283572646e-14 -6.651194256540563e-14 -1.3244733072800696e-14 0.8048789001763019 0.9366041545299263 -0.27735009811261235
0.09122233999247271 1.0827662792548645 -4.5906031034963854e-14 6.885285668291255e-14 2.6597419283572646e-14 -6.651194256540563e-14 -1.3244733072800696e-14 -0.976149713450594 -1.6838413793361655 -0.27735009811261235
-0.08599655652296688 0.9552478591948306 -4.5906031034963854e-14 6.885285668291255e-14 2.6597419283572646e-14 -6.651194256540563e-14 -1.3244733072800696e-14 -1.1507169385833986 3.4243689018711523 -0.27735009811261235
-0.9089133055991918 0.06725595223132448 -4.5906031034963854e-14 6.885285668291255e-14 2.6597419283572646e-14 -6.651194256540563e-14 -1.3244733072800696e-14 -1.1450610821626968 -0.19726373364715302 -0.27735009811261235
0.6191311978904284 1.0479885283294004 -4.5906031034963854e-14 6.885285668291255e-14 2.6597419283572646e-14 -6.651194256540563e-14 -1.3244733072800696e-14 -0.8378048791062562 0.012814178350550426 -0.27735009811261235
0.9430509332132103 1.1615958480192483 -4.5906031034963854e-14 6.885285668291255e-14 2.6597419283572646e-14 -6.651194256540563e-14 -1.3244733072800696e-14 1.2187523653616221 -0.13976872615304464 -0.27735009811261235
-0.4307970681723415 -0.6816249510303267 -4.5906031034963854e-14 6.885285668291255e-14 2.6597419283572646e-14 -6.651194256540563e-14 -1.3244733072800696e-14 -1.0527122756577505 0.21238819474836912 -0.27735009811261235
-0.5967724697426927 0.7210776696300418 0.4720829028528651 -0.3045105322131805 -0.2227017364875047 -0.5239088868418287 0.3960981688038002 -0.9400326547923524 0.021659564118874795 -0.27735009811261235
1.7338434110177543 0.7813591045675117 -4.5906031034963854e-14 6.885285668291255e-14 2.6597419283572646e-14 -6.651194256540563e-14 -1.3244733072800696e-14 -1.1287510526148412 3.1379995376216505 -0.27735009811261235
0.7122915845783027 0.6538406845074789 0.5580429529979947 6.885285668291255e-14 -0.21724549512418032 0.004520088851815697 0.6051604011151134 1.3286340851952683 -1.029835669090683 -0.27735009811261235
-1.1161148553015336 0.507774130620531 -4.5906031034963854e-14 6.885285668291255e-14 2.6597419283572646e-14 -6.651194256540563e-14 -1.3244733072800696e-14 0.9191498975225917 -0.2674739831832275 -0.27735009811261235
0.7904606446727265 0.8926479075289956 0.23592359215608213 -0.1415163274822391 -0.2226443164242098 0.17380283671449595 -0.20917812803850147 -1.632991728064348e-14 1.964070188337077e-15 -0.27735009811261235
1.2455544876882054 0.9807515432068376 -1.0701013351321715 6.885285668291255e-14 -0.23484274149860235 -6.651194256540563e-14 -0.4238350600012085 -1.632991728064348e-14 1.964070188337077e-15 -0.27735009811261235
-1.3768568571233433 0.25969284068555626 0.09187049057828557 6.885285668291255e-14 -0.15197624271190233 -0.7392458340180493 -0.30384027225664684 -1.041238809101739 -1.4107400937391505 -0.27735009811261235
-0.043699599348587116 0.44285566222633205 -4.5906031034963854e-14 6.885285668291255e-14 2.6597419283572646e-14 -6.651194256540563e-14 -1.3244733072800696e-14 0.5388372568454028 0.43960404167220085 -0.27735009811261235
-0.0613679485480115 1.483869673261879 -4.5906031034963854e-14 6.885285668291255e-14 2.6597419283572646e-14 -6.651194256540563e-14 -1.3244733072800696e-14 0.3519592384449958 0.38376754400965385 -0.27735009811261235
-1.2970815834653355 1.391129004127309 2.502192758804542 2.102816912746183 -0.20251658121388477 3.6941947981050065 0.40508794260262115 -0.7698869268114499 0.06533365634997666 -0.27735009811261235
1.1871953948779852 -1.7875574304600725 -4.5906031034963854e-14 6.885285668291255e-14 2.6597419283572646e-14 -6.651194256540563e-14 -1.3244733072800696e-14 -1.2104056680358881 0.0382446624344831 -0.27735009811261235
-1.4453886358362624 -0.38021777634297504 2.796440504389945 -0.18043892381663085 -0.21261717095254984 2.8921303855775857 0.3431452277559823 -1.092052147020548 -0.952438543617845 -0.27735009811261235
-1.5594297988507295 0.037115234762589516 0.24772809528288658 4.466051000053551 -0.23157113324110243 -0.4980935394856031 -0.04541470514237855 1.0475314123648938 -0.4786575684019714 -0.27735009811261235
1.484880308662228 -1.8061055642869865 -4.5906031034963854e-14 6.885285668291255e-14 2.6597419283572646e-14 -6.651194256540563e-14 -1.3244733072800696e-14 1.112658345264444 -0.7655797692619929 -0.27735009811261235
-0.8982052151752984 0.551825948459452 -0.003430367020852845 -0.6303827661905793 -0.0989147628261812 0.4147672103707304 0.5788214071852025 -1.1126907833799349 0.026082257003036978 -0.27735009811261235
0.6384057606534369 0.45212972913978905 -1.0771015547546239 6.885285668291255e-14 -0.23437803959100642 -6.651194256540563e-14 -0.22262692527742906 1.295112761541786 -0.8838868039133314 -0.27735009811261235
-1.0636452122244546 0.8068627885795187 0.8026874716521757 -0.246874160296182 -0.22196195241621694 -0.5361441207580753 0.0528598675220048 -0.8883059056397409 -2.0354454636270587 -0.27735009811261235
-1.1573410034335239 -0.9807136089893144 -4.5906031034963854e-14 6.885285668291255e-14 2.6597419283572646e-14 -6.651194256540563e-14 -1.3244733072800696e-14 1.0328384394237966 -0.6594351400421005 -0.27735009811261235
-0.8414523359286621 -0.5749731815255719 -0.23991283580088824 -0.6365229262229753 -0.19731806246023284 0.25891740899677906 0.7801958179475723 1.255800382773823 -0.7053205787152832 -0.27735009811261235
-1.4807253342351114 0.41735197821432507 -4.5906031034963854e-14 6.885285668291255e-14 2.6597419283572646e-14 -6.651194256540563e-14 -1.3244733072800696e-14 -0.9398116511015858 -0.1265006475005581 -0.27735009811261235
1.4779200498866967 0.535596331360902 -4.5906031034963854e-14 6.885285668291255e-14 2.6597419283572646e-14 -6.651194256540563e-14 -1.3244733072800696e-14 1.1985895308339578 -0.13976872615304464 -0.27735009811261235
-1.2274789957100272 -0.9807136089893144 -4.5906031034963854e-14 6.885285668291255e-14 2.6597419283572646e-14 -6.651194256540563e-14 -1.3244733072800696e-14 1.1103109028383988 -0.7799535211355199 -0.27735009811261235
0.39479670350985707 1.8919286174539864 -0.8809415205244063 -0.6434420333562555 -0.23428723576998195 -0.7136614255699394 -0.31262355947159737 -1.0797372770035827 2.10087805628562 -0.27735009811261235
-0.5780333115008788 -1.405002170279972 -4.5906031034963854e-14 6.885285668291255e-14 2.6597419283572646e-14 -6.651194256540563e-14 -1.3244733072800696e-14 0.4703022554975333 0.6579745028277082 -0.27735009811261235
-0.9742326571849432 -0.8902914565831095 -4.5906031034963854e-14 6.885285668291255e-14 2.6597419283572646e-14 -6.651194256540563e-14 -1.3244733072800696e-14 1.0247422737413205 0.31411013108409885 3.605551275463961
0.037681887873004596 0.8903293908006316 0.34518641779973835 -0.5556895477319743 -0.2321693701796167 -0.367925503158281 0.2356841756523541 -1.632991728064348e-14 1.964070188337077e-15 -0.27735009811261235
0.12923606099729512 0.05566336858950349 -4.5906031034963854e-14 6.885285668291255e-14 2.6597419283572646e-14 -6.651194256540563e-14 -1.3244733072800696e-14 -1.1612744397346428 0.5070501081556741 -0.27735009811261235
-0.7482919492407873 1.1523217811057913 -0.1560471578048372 6.885285668291255e-14 -0.22569158582976684 -0.3855606321319384 -0.28372195835870523 0.6567077601042997 0.1454949648754159 -0.27735009811261235
0.3616016231957866 1.1453662309206982 -0.531133667339828 -0.527944556617847 -0.23409895137638706 -0.670362644405191 -0.010803206599722715 1.087217640279374 -0.4786575684019714 -0.27735009811261235
1.2974887262440895 -1.7759648468182505 -4.5906031034963854e-14 6.885285668291255e-14 2.6597419283572646e-14 -6.651194256540563e-14 -1.3244733072800696e-14 1.0071910738020913 0.15047049437009857 -0.27735009811261235
0.5779050497584381 -0.6468472001048637 -4.5906031034963854e-14 6.885285668291255e-14 2.6597419283572646e-14 -6.651194256540563e-14 -1.3244733072800696e-14 -1.2058144282031393 3.467490157491733 -0.27735009811261235
1.2343109927431168 0.35938906000521914 -0.9949516922958415 6.885285668291255e-14 -0.2348881434091146 -6.651194256540563e-14 -0.3538860995578683 1.063267918231162 0.9664573314980202 -0.27735009811261235
-1.1900006792263993 -1.458328055032349 -4.5906031034963854e-14 6.885285668291255e-14 2.6597419283572646e-14 -6.651194256540563e-14 -1.3244733072800696e-14 0.25226610136738653 0.6441535875647022 -0.27735009811261235
0.8900458856149371 -1.39340958663815 -4.5906031034963854e-14 6.885285668291255e-14 2.6597419283572646e-14 -6.651194256540563e-14 -1.3244733072800696e-14 0.8459730038410888 -0.16575204684749728 -0.27735009811261235
0.7428096422863998 0.7326702532718627 0.38129548648315154 -0.4880658931816368 -0.23396942239639623 0.14381474026359187 0.2088952583239044 -0.7913271576051855 0.23560733239022047 -0.27735009811261235
1.1540003145639146 0.057981885317867486 -0.4571073835548038 -0.5204236223846175 -0.1424618717589689 0.12353513438131562 -0.14202543064936407 -1.632991728064348e-14 1.964070188337077e-15 -0.27735009811261235
0.7947438808422839 -1.0757727948522482 -4.5906031034963854e-14 6.885285668291255e-14 2.6597419283572646e-14 -6.651194256540563e-14 -1.3244733072800696e-14 -1.0406448755570725 0.15047049437009857 -0.27735009811261235
-0.379398234137652 1.7899138814059585 1.2332817679538146 -0.2385514247683995 -0.233320442146133 0.2902617055061272 -0.07650289050130886 -1.092052147020548 2.4104665581769718 -0.27735009811261235
0.3182338569790173 -1.386454036453058 -4.5906031034963854e-14 6.885285668291255e-14 2.6597419283572646e-14 -6.651194256540563e-14 -1.3244733072800696e-14 1.0075145081057586 -0.7528645272200267 -0.27735009811261235
-2.184782279606117 -0.44281772800881 -4.5906031034963854e-14 6.885285668291255e-14 2.6597419283572646e-14 -6.651194256540563e-14 -1.3244733072800696e-14 -1.0318470623961056 -1.4997467880329147 -0.27735009811261235
-0.5025412740124289 1.1198625469086914 -0.4148229177852394 -0.6157903635329431 -0.2344221061512095 -0.7003235715727875 -0.2056798105991392 -0.9089902428556887 -0.1989222434787139 -0.27735009811261235
-0.16898425730814232 -0.31993634140550514 -0.971251894009319 -0.3342266975312562 -0.23484007079798397 -0.7419220084238605 -0.3621901205439407 1.3321711157726774 -0.5494206545485664 -0.27735009811261235
1.2155718345013033 0.34779647636339817 -0.8430304608148573 -0.42172207347676155 -0.22594663773882093 -0.661002826305679 -0.33538707518606825 -1.632991728064348e-14 1.964070188337077e-15 -0.27735009811261235
0.8809440087546275 0.35938906000521914 -0.6095148910086818 -0.6134782809400993 -0.23209191986168404 -0.4993840804427201 -0.37776246928225127 -0.8931191337465422 0.8802148202568583 -0.27735009811261235
0.34446867851755714 -1.5557057576236477 -4.5906031034963854e-14 6.885285668291255e-14 2.6597419283572646e-14 -6.651194256540563e-14 -1.3244733072800696e-14 1.0657131295163533 -0.4532270843180392 3.605551275463961
0.04571295569092474 0.7836776212958767 -4.5906031034963854e-14 6.885285668291255e-14 2.6597419283572646e-14 -6.651194256540563e-14 -1.3244733072800696e-14 -0.9387678413439786 0.3467274911047955 -0.27735009811261235
0.4777844042950325 1.2149217327716262 -4.5906031034963854e-14 6.885285668291255e-14 2.6597419283572646e-14 -6.651194256540563e-14 -1.3244733072800696e-14 -0.9450492267698115 -0.011510632512341336 3.605551275463961
0.8718421318943178 0.18318178864953633 -4.5906031034963854e-14 6.885285668291255e-14 2.6597419283572646e-14 -6.651194256540563e-14 -1.3244733072800696e-14 0.572437981787074 0.43960404167220085 -0.27735009811261235
0.31876926150021223 1.2636105840672751 0.10163448123655347 0.7705240747491315 -0.22463799443582097 0.08374798308409112 -0.10588049752859702 -1.0755058801630728 1.3114273764626705 -0.27735009811261235
1.4484728012209893 0.0023374838371255442 -0.9217148375427623 -0.6429982810958497 -0.2348133637918003 -0.48989294414055395 -0.13071539971073629 1.3903326364136117 -1.4096344205181102 -0.27735009811261235
0.4092526255821132 0.500818580435438 -4.5906031034963854e-14 6.885285668291255e-14 2.6597419283572646e-14 -6.651194256540563e-14 -1.3244733072800696e-14 1.1037887698235436 0.05759394380269272 -0.27735009811261235
1.2439482741246215 -1.7713278133615225 -4.5906031034963854e-14 6.885285668291255e-14 2.6597419283572646e-14 -6.651194256540563e-14 -1.3244733072800696e-14 1.000381604388556 0.15047049437009857 -0.27735009811261235
-0.3065832192551754 -0.21792160535747823 -4.5906031034963854e-14 6.885285668291255e-14 2.6597419283572646e-14 -6.651194256540563e-14 -1.3244733072800696e-14 -1.1794073429704517 0.6214872865333708 -0.27735009811261235
0.5918255673094993 0.17854475519280835 0.46501189622170036 6.885285668291255e-14 -0.21782904320929358 -0.7256544000433587 0.09964755388405015 -1.083866454772959 0.9664573314980202 -0.27735009811261235
0.9869541039511746 1.1036329298101424 -4.5906031034963854e-14 6.885285668291255e-14 2.6597419283572646e-14 -6.651194256540563e-14 -1.3244733072800696e-14 -0.85305753149552 0.10845491197055758 -0.27735009811261235
0.2780785178894162 -0.8253729881889106 -4.5906031034963854e-14 6.885285668291255e-14 2.6597419283572646e-14 -6.651194256540563e-14 -1.3244733072800696e-14 -1.2010734559737288 3.467490157491733 -0.27735009811261235
1.3483521557575844 0.2272336064884573 -4.5906031034963854e-14 6.885285668291255e-14 2.6597419283572646e-14 -6.651194256540563e-14 -1.3244733072800696e-14 -1.132699325610625 -1.2067433844571702 -0.27735009811261235
0.5029484167911824 1.520965940915707 -0.9817406820828816 6.885285668291255e-14 2.6597419283572646e-14 -6.651194256540563e-14 -0.31783245524260184 -1.0428664427968495 1.1516575960223119 -0.27735009811261235
0.95215281007352 -0.030121750359974435 0.23862119272723173 -0.5939189001917408 -0.2148645655229059 -0.47739507381899937 0.16772835412911027 1.3803143421684128 -1.1873941030889605 -0.27735009811261235
0.36588485936534393 -1.5626613078087397 -4.5906031034963854e-14 6.885285668291255e-14 2.6597419283572646e-14 -6.651194256540563e-14 -1.3244733072800696e-14 0.4657578943650108 -0.2718966760673897 -0.27735009811261235
-0.07635927514146264 0.48227044660852403 0.5414495548469934 -0.5731596742757614 -0.23143492750956568 -0.406696070438408 0.11961154622983598 -1.632991728064348e-14 1.964070188337077e-15 -0.27735009811261235
0.8809440087546275 0.35938906000521914 -0.34755987102828245 -0.6095740228549839 -0.23314417590532074 -0.28211358593776625 -0.2907338080383465 -0.7888676581100252 -0.04081097286991574 -0.27735009811261235
-1.5433676632148892 -0.12749945295127232 -4.5906031034963854e-14 6.885285668291255e-14 2.6597419283572646e-14 -6.651194256540563e-14 -1.3244733072800696e-14 -1.033642344247407 -0.030859913880550947 -0.27735009811261235
-1.0325917499951633 0.9506108257381015 3.823807755337699 -0.30643218899751284 -0.22381541864536383 5.201071173559838 -0.2741887988128569 -0.8115179234809783 0.5070501081556741 -0.27735009811261235
-0.6626272258496387 0.006974517293853524 0.9969454897352504 0.6266321668931695 -0.22247339158463428 2.450208407935745 0.591813760396627 1.2390627594124881 -0.42558525379202516 3.605551275463961
-0.14382024481199238 1.6113880933219118 -4.5906031034963854e-14 6.885285668291255e-14 2.6597419283572646e-14 -6.651194256540563e-14 -1.3244733072800696e-14 -0.9866836107192402 -1.6838413793361655 -0.27735009811261235
-0.14542645837557647 0.5193667142623519 0.10287940928108286 -0.6110252641529633 -0.23238569692970446 -0.2699847650478083 -0.14305134293975177 -1.632991728064348e-14 1.964070188337077e-15 -0.27735009811261235
0.546851587529146 0.9297441751828235 -0.6191373076495249 -0.6255376771327581 -0.23488547270849625 -0.17145535913233484 -0.1413212027212166 1.106409636512552 -0.30230268964600454 -0.27735009811261235
0.27218906815627475 2.0101729706005615 -1.008281193805994 -0.6444266682001601 -0.23489882621158806 -6.651194256540563e-14 -0.3232217550816194 -1.0873407619106286 2.4104665581769718 -0.27735009811261235
-0.4527486535413236 0.6074703499401939 -0.42920499133798523 -0.6083456099452769 -0.2078352814953632 -0.7418337082531103 -0.1498056277753021 -1.632991728064348e-14 1.964070188337077e-15 -0.27735009811261235
0.9510820010311308 -1.500061356142906 -4.5906031034963854e-14 6.885285668291255e-14 2.6597419283572646e-14 -6.651194256540563e-14 -1.3244733072800696e-14 1.0961530600539857 -0.7976442926721685 -0.27735009811261235
-0.8114696827417598 1.386491970670579 -0.41762208232541104 -0.643523927550236 -0.23425652271287073 -0.7313871188212892 -0.2503852427785756 1.0958776849058374 -0.38025265172936296 -0.27735009811261235
0.040894315000172425 0.3454779596350342 -0.13897210022498835 -0.3011681063890939 2.6597419283572646e-14 -0.6772976039694885 -0.23936211951437822 1.3494591629769648 -0.5494206545485664 -0.27735009811261235
-2.0214839006417393 -0.6167064826361278 -4.5906031034963854e-14 6.885285668291255e-14 2.6597419283572646e-14 -6.651194256540563e-14 -1.3244733072800696e-14 0.8401945446024414 -0.1895240210998691 -0.27735009811261235
-1.0058215239354291 0.9088775246275456 0.1753714615946661 0.8688294843000587 -0.23388663067722687 0.18397320509935527 -0.1367991465344548 -0.7764050823187598 0.06533365634997666 -0.27735009811261235
0.5848653085339688 -1.8617499657677274 -4.5906031034963854e-14 6.885285668291255e-14 2.6597419283572646e-14 -6.651194256540563e-14 -1.3244733072800696e-14 1.0151149008467277 0.18585203744339604 -0.27735009811261235
1.2268153294463913 1.0920403461683204 -4.5906031034963854e-14 6.885285668291255e-14 2.6597419283572646e-14 -6.651194256540563e-14 -1.3244733072800696e-14 -1.1192059198467175 0.23781867883230132 -0.27735009811261235
0.7406680242016208 0.7813591045675117 -4.5906031034963854e-14 6.885285668291255e-14 2.6597419283572646e-14 -6.651194256540563e-14 -1.3244733072800696e-14 1.0855333107790703 0.2615906530846736 -0.27735009811261235
1.094035008190111 -1.7759648468182505 -4.5906031034963854e-14 6.885285668291255e-14 2.6597419283572646e-14 -6.651194256540563e-14 -1.3244733072800696e-14 0.8053047259184695 1.0996909546334066 -0.27735009811261235
-0.0388809586578348 0.8254109224064327 -0.10741032742734048 -0.6336661520143544 -0.22825278772278107 -0.20665316565749572 0.5855680846202944 -1.632991728064348e-14 1.964070188337077e-15 -0.27735009811261235
-0.3713671663197319 0.4103964280292331 -4.5906031034963854e-14 6.885285668291255e-14 2.6597419283572646e-14 -6.651194256540563e-14 -1.3244733072800696e-14 0.9834407076704852 -0.41176433852901867 -0.27735009811261235
0.7240704840445855 -1.370224419354508 -4.5906031034963854e-14 6.885285668291255e-14 2.6597419283572646e-14 -6.651194256540563e-14 -1.3244733072800696e-14 -0.9424974402200612 0.33511792228386933 -0.27735009811261235
-1.7832288887101064 -0.2248771555425702 -4.5906031034963854e-14 6.885285668291255e-14 2.6597419283572646e-14 -6.651194256540563e-14 -1.3244733072800696e-14 -1.0371570898137286 0.13277972283344983 -0.27735009811261235
-1.7853705067948848 -1.4560095383039848 -4.5906031034963854e-14 6.885285668291255e-14 2.6597419283572646e-14 -6.651194256540563e-14 -1.3244733072800696e-14 0.4849667721535235 -0.4648366531389649 -0.27735009811261235
-1.9026240969365202 -0.9505728915205794 -4.5906031034963854e-14 6.885285668291255e-14 2.6597419283572646e-14 -6.651194256540563e-14 -1.3244733072800696e-14 -1.1684738955364062 1.4214418619562046 -0.27735009811261235
1.1550711236063045 1.1430477141923343 -4.5906031034963854e-14 6.885285668291255e-14 2.6597419283572646e-14 -6.651194256540563e-14 -1.3244733072800696e-14 1.2250500316686366 -0.13976872615304464 -0.27735009811261235
1.2653644549724081 0.15999662136589438 -0.1776264235260178 -0.6123355712566508 -0.22644071735321888 -0.06712304712371926 0.14615159288614715 0.48767098368711814 0.4738799115244574 -0.27735009811261235
